

[  0  10  16  32  52  59  61  64  71  79  97 140 177]
13



[  1  38  59  61  63  64  71 107 131 141 150 174 197]
13



[  0   2   5  21  22  30  32  39  52  71  84  89  94  97 123]
15



[  3  37  38  54  64  70  78  84  91 106 140 144 153 170]
14



[  2   7  10  19  39  42  52  89  90  94 112 114 119]
13



[  5   9  21  22  39  45  52  61  64  71  84  91  94 102 174 199]
16



[  6  18  45  61  64  68  79  84  85  91  98 132 174 199]
14



[  7  17  19  30  32  34  39  61  71  89  90  94 136 192]
14



[  0   7  10  30  32  52  61  72  90  94 144 168 182 192]
14



[ 33  61  70  76  88  89  90 136 137 151 159 164 192 197]
14



[ 10  15  30  32  40  41  54  61  72  89  90  94 114 192]
14



[  5  15  24  59  72  91  94 119 127 130 137 179 182]
13



[  0  12  16  45  52  64  71  75  78 140 177 194 195]
13



[ 30  32  34  39  89 115 123 136 148 153 156]
11



[  2  14  39  70  78 106 116 133 137 161 182 192 195]
13



[ 15  22  23  35  67  70  89  94 119 130 149 166 192 197]
14



[  0  10  16  32  59  61  64  71  97 107 140 150 177 197]
14



[ 17  30  38  39  41  54  61  64  89  90 136 171 195]
13



[  9  18  32  54  61  64  68  70  84 144 180 199]
12



[ 19  23  39  42  52  61  89  90  94 119 136 142 158 188 192]
15



[  0  20  38  46  62 104 111 128 131 168 186 195]
12



[ 0  5 21 22 30 32 39 52 61 64 71 84 89 94 97]
15



[  5   9  21  22  23  39  52  61  71  84  89  91  94 102 188]
15



[ 19  23  39  42  54  61  89  90 119 136 142 158 188 192 195]
15



[  5  23  40  46  55  85  90 100 117 118 134 137 180]
13



[  5   9  21  22  23  25  39  52  61  71  84  91  94 102 199]
15



[ 20  26  55  61  64  85  87  90 116 128 134 176 180]
13



[  8  27  36  54  63  64  67 102 129 138 148 149 153 190]
14



[  2  21  22  28  34  71  89  94  97 118 123 137 142]
13



[  0  23  29  38  51  71  78  90 104 128 140 188 195 197]
14



[ 20  21  32  64  72  85 106 127 144 175 177]
11



[  9  10  24  31  45  54  64  68  71  73  91 140 170 194]
14



[  0   7  30  32  40  49  61  64  72  85  90 107 131 168]
14



[  5  21  33  39  54  61  70  90 116 136 137 159 164 180]
14



[ 15  32  34  40  61  90  94  98 107 118 144 150 174 199]
14



[ 10  15  32  35  41  89  94 111 120 130 153 158 192 197]
14



[ 11  22  36  54  55  70  72  73  89  91  94 114 173]
13



[  3  37  38  41  45  54  64  70  78  84 140 170 177 195]
14



[  0  30  38  61  71  89  90 104 157 171 174 195 197]
13



[  0  10  15  19  30  32  39  52  61  71  89  90  94 192]
14



[ 32  40  46  54  55  57  61  72  89  90 114 134 161 165 180]
15



[ 41  50  70  72  77  78  89 120 137 138 155 195 197]
13



[  9  19  23  39  42  54  61  89 119 136 142 158 188 192 195]
15



[  1  32  43  61  64  68  71  89  90 136 150 164 197]
13



[  5   9  15  23  39  44  54  61  70  89  91  94 102 119 158 188]
16



[  5   6   9  18  45  52  61  64  71  79  84  91 180 199]
14



[ 24  43  46  54  55  57  90 125 137 161 165 173]
12



[  7  18  19  23  47  52  61  68  71  89  90 136 142 180]
14



[ 12  18  23  24  29  47  51  71  96 104 136 142 188 195 197]
15



[  7  40  49  61  64  85  90 101 107 116 138 150 167 168]
14



[  8  10  22  36  46  50  52  59  72  77  89 114 130 153]
14



[  7  18  24  32  47  51  64  68  71  85  90 107 112]
13



[  0   5  21  22  30  32  39  52  61  64  71  84  89  94 174]
15



[  0  10  16  25  59  61  64  71  79  97 107 140 177 197]
14



[  9  18  22  54  55  61  84  89 102 114 118 155 180]
13



[  5  21  32  55  61  64  70  90  92 116 128 176 180 191]
14



[ 16  46  56  61  72  77  85  89 132 134 137 173 180]
13



[  0  20  32  55  57  61  64  72  85  90 107 131 168 191]
14



[  2   7   9  10  52  58  71  79  94 119 182 189 192 196]
14



[ 10  16  32  41  59  61  79  89  97 111 120 164 181 197]
14



[  0   5  15  21  23  25  39  60  61  70  90  94 159 166 182]
15



[  0  29  32  51  76  90  98 128 140 144 150 197]
12



[  1   6  16  55  59  61  62  63  64  97  98 107 131 150]
14



[  0   6  16  27  45  55  59  62  63  64  97  98 140 190]
14



[  1  20  22  37  45  61  63  97 107 118 177 197]
12



[  1  32  57  61  64  65  68  72  90  98 107 144 174 197]
14



[ 27  32  35  67  70 114 147 151 159 164 192 197 198 199]
14



[  2  32  44  54  67  70  89 106 114 140 151 153 155 159]
14



[  9  18  23  52  61  68  71  79  84  89  91 102 142 180 188]
15



[  8  19  46  54  57  69  89  90 119 134 136 138 195]
13



[  9  32  41  54  55  61  62  70  84  94 114 161]
12



[  9  19  23  43  47  52  61  68  71  89 134 136 142 180 188]
15



[  0  40  46  57  61  72  85  90 131 134 137 161 182 192 195]
15



[  6   9  10  52  64  68  71  73  75  80  89  91 140 194]
14



[ 50  74  78  90 108 113 117 138 140 165 197 199]
12



[ 12  18  45  52  64  71  73  75  78 140 170 194 195]
13



[ 32  33  57  61  76  88  89  90 136 151 159 166 192 197]
14



[  8  15  16  41  59  77  89  97 119 130 137 138 149 150 197]
15



[  0  23  29  38  51  71  78  90 104 128 140 188 195 197]
14



[  7  10  16  32  52  61  64  68  71  79  84  89 132 180]
14



[ 16  61  72  77  86  89 124 137 138 149 162 173 197]
13



[  8  50  72  77  81  89 123 130 137 138 162 165 173 197]
14



[  5   9  21  22  39  45  52  61  64  71  84  91  94 102 174 199]
16



[  0  16  27  55  63  64  83  84  85  98 117 131 150]
13



[  6  18  45  52  61  64  68  71  79  84  91  97 132 180 199]
15



[ 15  32  61  90  94  98 107 118 144 159 174 184 197 199]
14



[ 30  40  46  61  72  76  86  89  90 124 138 168 173]
13



[  1  38  41  61  64  72  87  90 104 131 133 137 195 197]
14



[  5  21  30  32  39  52  61  71  88  89  94  97 123 136 164]
15



[  6  18  41  47  61  84  85 133 146 157 171 183 195]
13



[ 18  32  48  51  53  64  79  99 115 164 174 184 197]
13



[  5   9  21  22  39  45  54  61  64  70  84  91 102 180 199]
15



[  0  10  27  30  32  47  64  71  89  92 115 153 197]
13



[  6  16  64  80  85  93 105 137 139 144 182 184 190]
13



[  0  22  43  55  59  97 103 131 145 147 161 165 197]
13



[  8  10  15  36  59  72  77  89 114 122 130 149 153 197]
14



[  7   9  18  23  52  61  68  71  84  89  96 102 136 142 170]
15



[ 0  5 21 22 30 32 39 52 61 64 71 84 89 94 97]
15



[ 18  61  68  79  90  98 107 142 144 159 174 184 197 199]
14



[ 5 27 30 32 54 64 67 71 73 80 89 99]
12



[  9  23  68  79  83  84  91  98 100 117 140 142 188]
13



[ 18  25  41  61  64  79  90 101 107 138 176 184 197 199]
14



[  5   9  21  22  23  39  52  61  71  84  89  91  94 102 188]
15



[  0  22  32  55  59  94  97 103 131 147 161 165 197]
13



[ 37  38  41  45  54  61  62  64 104 116 140 170 195]
13



[  6  16  45  64  71  84  85 105 167 182 190 195]
12



[  5  15  22  23  36  48  54  70  89  91  94 102 153]
13



[ 40  61  64  79  85  90  98 102 107 131 174 195 199]
13



[  0   7  10  30  32  39  61  76  90 144 159 166 182 192]
14



[  8  15  30  43  52  73 106 122 144 157 158 161 162]
13



[  6   8  15  16  41  59  72  77 110 119 127 130 137 138 179 182]
16



[ 41  50  59  70  72  89  94 111 120 130 138 153 183 197]
14



[  4   7  18  23  24  47  51  68  71  85  90 107 112 119 142]
15



[ 18  24  29  47  51  68  90  98 113 136 142 188 197]
13



[  2  14  17  27  72  85 139 153 163 168 173 192]
12



[  5  30  32  39  60  85  90  93 108 128 159 176 182 184]
14



[  5  21  32  33  39  54  61  64  70  90 116 164 176 180 199]
15



[  3  23  40  54  68  70  72 106 117 122 149 169]
12



[  1   5   8  22  45  55  57  64  91 106 116 154 160]
13



[ 16  46  61  77  85  86  97 119 123 137 138 148 150 193]
14



[ 32  41  50  55  61  89  90  94  95 114 150 165 197]
13



[  5   9  32  39  44  54  64  70  73  89  94 121 136]
13



[  8  10  30  32  46  52  72  76  89  90 122 187 192]
13



[  2   5  21  30  32  39  52  71  88  89  94  97 123 136 164]
15



[ 19  23  29  38  52  71  75  78  89  90 124 136 188 192]
14



[  8  10  15  32  41  72  90  95 114 125 147 197]
12



[  0   4  12  23  25  36  52  71  75  78  84 140 177]
13



[  1   6   8  16  41  59  77  97 107 110 119 127 130 132 157]
15



[  7  30  32  39  61  64  71  90  94 128 131 136 182]
13



[  8  27  36  54  63  64  67 102 129 138 148 149 153 190]
14



[  8  15  16  41  59  77  97 110 119 130 137 138 149 150 197]
15



[  7  32  40  41  55  61  64  85  90 107 116 131 150 168]
14



[ 18  32  34  61  64  68  79  97  98 107 132 144 197 199]
14



[ 49  60  79  83  85  90 100 110 117 138 166 188 193]
13



[ 19  23  42  43  47  52  61  68  89  90 134 136 142 187 188]
15



[ 23  39  61  70  90 135 136 158 182 188 192 195]
12



[  9  19  23  43  47  54  61  68  71  89 134 136 142 180 188]
15



[  0  16  64 105 106 112 115 137 144 145 149 150 168 179]
14



[ 15  36  41  59  70  72  89  94 130 138 149 153 166 197]
14



[  7  32  39  52  64  71  90  94  99 116 136 139 182]
13



[  6   9  10  45  52  61  64  68  71  79  84  91 140 199]
14



[  1  38  43  59  64  71 131 136 137 141 145 150 197]
13



[  9  18  23  47  52  61  68  71  84  89 136 142 180 188]
14



[  9  24  29  31  43  45  54  68  71  83 142 143 173 180]
14



[  0  10  32  61  64  72  79  90  94  98 107 144 184 197]
14



[  0  10  25  38  59  64  71  79 107 140 145 153 177 194 197]
15



[  6  39  45  61  84  85  91  97  98 131 142 146 167 199]
14



[  8  27  30  54  67  89 106 138 149 159 160 173 175 178]
14



[ 43  47  50  55  61  89  90 118 137 142 148 150 165 197]
14



[  8  10  15  36  59  72  77  89 122 130 138 149 153 197]
14



[  1   6  16  61  63  64  71  84  89  97 140 150 167]
13



[  8  30  32  67  86  88  89 123 151 153 159 164 192 197]
14



[  5  18  32  61  85  88  90 116 118 152 164 180 184 199]
14



[  8  14  27  88  97 124 132 162 169 176 190 192 197 199]
14



[  5   6   9  18  22  45  52  61  64  71  84  91 180 199]
14



[ 15  16  41  59  61  70  77  89  97 120 137 155 157 197]
14



[  2   7  17  19  30  32  34  39  71  89  90  94 136 156 192]
15



[ 20  25  34  39  60  70  90 112 139 140 147 148 152]
13



[  5   9  15  22  23  39  54  61  70  89  91  94 102 119 158 188]
16



[  0  15  40  61  70  76  89  90 137 155 157 158 192]
13



[  6   8  10  15  16  59  72  77 107 110 119 122 130 138 160]
15



[ 15  32  40  41  61  70  72  89  90  94  95 114 161 192]
14



[  8  22  30  72  89 114 130 149 161 162 173 192 197]
13



[  8  30  36  46  54  72 103 106 122 138 149 153 163 173]
14



[  1  43  61  71  82  96  97 118 120 131 136 150 164 197]
14



[  0  36  55  59  72  81  94 103 117 131 145 147 165 197]
14



[  0  10  15  30  32  61  72  76  90 122 144 166 192 197]
14



[  6  18  30  47  52  61  64  71  84  89 136 167 171 195]
14



[  0   7  30  32  40  49  61  64  72  85  90 107 131 168]
14



[ 22  25  71  78  94 118 123 145 153 169 191 194 197]
13



[  9  18  41  45  54  61  64  68  70  84  91 140 170]
13



[ 18  19  30  47  54  61  71  89  90 104 136 142 171 195]
14



[  0  38  61  64  72  79  89 171 172 174 183 195 197]
13



[ 22  46  61  72  77  89  95 114 162 165 172 173 183]
13



[  6  18  45  61  64  68  79  84  85  91  98 132 174 199]
14



[  5   8  16  30  46  72  89 106 122 123 160 173 174 175]
14



[  5  21  32  33  39  54  61  64  70  90 116 164 176 180 199]
15



[  0  10  25  38  59  64  71  79 107 140 145 153 177 194 197]
15



[ 16  61  89 122 123 138 150 159 173 174 178 197]
12



[  6   8  15  16  41  59  72  77 110 119 127 130 137 138 179 182]
16



[  5  26  32  61  64  65  71  85  90 116 128 134 164 180]
14



[  8  10  27  32  35  50  89 114 151 153 159 164 181 197]
14



[  0   7  10  30  32  39  61  90  94 128 144 158 168 182 192]
15



[ 18  19  30  41  47  61  89  90 136 142 171 183 195 197]
14



[ 18  32  41  61  64  68  79  85  89  90 164 174 184]
13



[  9  18  22  23  47  61  71  84  89  91 118 142 154 180 188]
15



[ 22  28  39  71  88  89  94  95  97 142 155 186 192]
13



[  7  32  40  41  55  61  64  70  72  89  90 134 154 187]
14



[  9  18  23  42  52  61  84  89 102 119 136 142 158 188 195]
15



[  6  18  41  45  61  84  85 119 133 157 182 189 195 198]
14



[  3   6  16  24  37  54  63  64  84 117 138 140 144 190]
14



[  0  30  32  40  46  61  72  85  90 122 131 135 182 191 192]
15



[  0  10  15  19  30  32  39  52  61  89  90  94 158 192]
14



[ 46  57  61  72  85  86  90 119 166 168 182 192 195]
13



[ 18  25  34  64  71  79  90 101 107 140 194 197 199]
13



[ 18  24  30  42  54  90 136 138 158 194 195]
11



[  7  32  40  55  61  90 114 131 134 152 154 196]
12



[ 18  41  54  61  70  89  90 119 136 137 138 158 195]
13



[  8  10  41  77  89  97 114 119 130 181 192 197 198]
13



[  5  48  59  64  79  91  94 101 117 174 184 194 199]
13

