

[  0  30  39  57  77  83 106 116 139 149 172 178 198 216 225 255]
16



[  1  22  42  61  76  91 103 112 143 152 164 179 194 213 233 254]
16



[  2  13  52  59  81  94 103 104 151 152 161 174 196 203 242 253]
16



[  3  12  53  58  86  89  96 111 144 159 166 169 197 202 243 252]
16



[  4  19  41  62  74  93 103 112 143 152 162 181 193 214 236 251]
16



[  5  30  40  51  66  89 111 116 139 144 166 189 204 215 225 250]
16



[  6  29  43  48  65  90 108 119 136 147 165 190 207 212 226 249]
16



[  7  25  44  50  64  94 107 117 138 148 161 191 205 211 230 248]
16



[  8  22  47  49  69  91  98 124 131 157 164 186 206 208 233 247]
16



[  6   9  51  60  80  95 101 106 149 154 160 175 195 204 246 249]
16



[ 10  17  36  63  71  92 105 114 141 150 163 184 192 219 238 245]
16



[ 11  16  37  62  76  87  98 121 134 157 168 179 193 218 239 244]
16



[ 12  18  39  57  75  85  96 126 129 159 170 180 198 216 237 243]
16



[ 13  22  35  56  74  81 100 127 128 155 174 181 199 220 233 242]
16



[ 14  21  41  50  64  91 103 124 131 152 164 191 205 214 234 241]
16



[ 15  20  40  51  66  89 101 126 129 154 166 189 204 215 235 240]
16



[ 16  31  37  42  67  76 118 121 134 137 179 188 213 218 224 239]
16



[ 15  17  40  54  66  92 101 123 132 154 163 189 201 215 238 240]
16



[ 18  29  36  43  65  78 119 120 135 136 177 190 212 219 226 237]
16



[ 14  19  41  52  64  93 103 122 133 152 162 191 203 214 236 241]
16



[  3  20  46  57  77  90  96 119 136 159 165 178 198 209 235 252]
16



[  8  21  47  50  70  91  97 124 131 158 164 185 205 208 234 247]
16



[  8  22  35  61  69  91 110 112 143 145 164 186 194 220 233 247]
16



[  0  23  46  57  77  90  99 116 139 156 165 178 198 209 232 255]
16



[ 23  24  36  43  65  78 114 125 130 141 177 190 212 219 231 232]
16



[  7  25  32  62  76  82 107 117 138 148 173 179 193 223 230 248]
16



[  1  26  38  61  76  87 107 112 143 148 168 179 194 217 229 254]
16



[ 20  27  33  46  71  72 114 125 130 141 183 184 209 222 228 235]
16



[ 19  28  38  41  64  79 117 122 133 138 176 191 214 217 227 236]
16



[  0  29  46  51  71  90 105 116 139 150 165 184 204 209 226 255]
16



[  3  30  40  53  77  80 102 123 132 153 175 178 202 215 225 252]
16



[  1  31  44  50  70  88 107 117 138 148 167 185 205 211 224 254]
16



[  7  26  32  61  76  81 107 118 137 148 174 179 194 223 229 248]
16



[ 18  29  33  46  71  72 116 123 132 139 183 184 209 222 226 237]
16



[ 23  24  34  45  68  75 113 126 129 142 180 187 210 221 231 232]
16



[  4  26  35  61  79  81 104 118 137 151 174 176 194 220 229 251]
16



[ 23  24  36  43  65  78 114 125 130 141 177 190 212 219 231 232]
16



[ 19  28  37  42  64  79 118 121 134 137 176 191 213 218 227 236]
16



[  8  31  38  49  67  84 109 122 133 146 171 188 206 217 224 247]
16



[  0  27  39  60  78  85 105 114 141 150 170 177 195 216 228 255]
16



[ 18  29  39  40  68  75 113 126 129 142 180 187 215 216 226 237]
16



[ 14  16  41  55  69  91  98 124 131 157 164 186 200 214 239 241]
16



[  7  28  42  49  73  82 100 127 128 155 173 182 206 213 227 248]
16



[  5  30  43  48  72  83 102 125 130 153 172 183 207 212 225 250]
16



[  2  31  44  49  69  88 107 118 137 148 167 186 206 211 224 253]
16



[  0  27  45  54  78  85  99 120 135 156 170 177 201 210 228 255]
16



[  5  27  46  48  72  86  99 125 130 156 169 183 207 209 228 250]
16



[  2  28  47  49  73  87 100 122 133 155 168 182 206 208 227 253]
16



[ 10  29  39  48  65  86 108 123 132 147 169 190 207 216 226 245]
16



[  7  26  44  49  73  84  98 127 128 157 171 182 206 211 229 248]
16



[  1  31  44  50  70  88 107 117 138 148 167 185 205 211 224 254]
16



[ 10  20  45  51  71  89  96 126 129 159 166 184 204 210 235 245]
16



[  2  13  52  59  81  94 103 104 151 152 161 174 196 203 242 253]
16



[  0  27  46  53  77  86  99 120 135 156 169 178 202 209 228 255]
16



[  3  24  45  54  78  85  96 123 132 159 170 177 201 210 231 252]
16



[  2  25  44  55  69  94 107 112 143 148 161 186 200 211 230 253]
16



[  1  31  38  56  76  82 107 117 138 148 173 179 199 217 224 254]
16



[  0  23  46  57  77  90  99 116 139 156 165 178 198 209 232 255]
16



[  3  12  53  58  80  95 102 105 150 153 160 175 197 202 243 252]
16



[  8  22  37  59  67  93 110 112 143 145 162 188 196 218 233 247]
16



[  6   9  51  60  80  95 101 106 149 154 160 175 195 204 246 249]
16



[  8  22  35  61  69  91 110 112 143 145 164 186 194 220 233 247]
16



[  8  19  37  62  70  93 107 112 143 148 162 185 193 218 236 247]
16



[ 10  20  33  63  71  89 108 114 141 147 166 184 192 222 235 245]
16



[ 11  28  38  49  64  87 109 122 133 146 168 191 206 217 227 244]
16



[  6  24  43  53  65  95 108 114 141 147 160 190 202 212 231 249]
16



[  9  23  36  58  66  92 111 113 142 144 163 189 197 219 232 246]
16



[  8  22  37  59  67  93 110 112 143 145 162 188 196 218 233 247]
16



[  3  24  46  53  68  95 105 114 141 150 160 187 202 209 231 252]
16



[  2  28  47  49  69  91 104 118 137 151 164 186 206 208 227 253]
16



[  8  31  35  52  70  81 109 122 133 146 174 185 203 220 224 247]
16



[  0  27  46  53  71  92 105 114 141 150 163 184 202 209 228 255]
16



[ 17  30  34  45  71  72 116 123 132 139 183 184 210 221 225 238]
16



[  2  21  44  59  73  94 103 112 143 152 161 182 196 211 234 253]
16



[ 16  31  35  44  69  74 118 121 134 137 181 186 211 220 224 239]
16



[  6  24  33  63  75  85 108 114 141 147 170 180 192 222 231 249]
16



[ 21  26  32  47  67  76 118 121 134 137 179 188 208 223 229 234]
16



[  0  23  43  60  77  90 102 113 142 153 165 178 195 212 232 255]
16



[ 18  29  39  40  65  78 116 123 132 139 177 190 215 216 226 237]
16



[  1  26  44  55  79  84  98 121 134 157 171 176 200 211 229 254]
16



[  9  23  36  58  78  80  99 125 130 156 175 177 197 219 232 246]
16



[ 13  26  32  55  70  81 107 124 131 148 174 185 200 223 229 242]
16



[  1  28  42  55  79  82 100 121 134 155 173 176 200 213 227 254]
16



[  0  30  43  53  77  83 102 120 135 153 172 178 202 212 225 255]
16



[ 14  25  32  55  67  84 109 122 133 146 171 188 200 223 230 241]
16



[  6   9  48  63  85  90  99 108 147 156 165 170 192 207 246 249]
16



[  3  12  48  63  86  89 101 106 149 154 166 169 192 207 243 252]
16



[  1  26  38  61  76  87 107 112 143 148 168 179 194 217 229 254]
16



[  4  11  49  62  87  88  98 109 146 157 167 168 193 206 244 251]
16



[  0  23  45  58  78  89  99 116 139 156 166 177 197 210 232 255]
16



[  9  20  34  63  71  90 108 113 142 147 165 184 192 221 235 246]
16



[ 13  22  35  56  64  91 110 117 138 145 164 191 199 220 233 242]
16



[  5  10  48  63  83  92 102 105 150 153 163 172 192 207 245 250]
16



[  8  22  47  49  67  93 100 122 133 155 162 188 206 208 233 247]
16



[ 13  16  42  55  67  94 100 121 134 155 161 188 200 213 239 242]
16



[ 12  17  39  58  66  95 105 116 139 150 160 189 197 216 238 243]
16



[  9  18  39  60  78  85  96 123 132 159 170 177 195 216 237 246]
16



[  7   8  50  61  84  91  97 110 145 158 164 171 194 205 247 248]
16



[  1  14  52  59  87  88  98 109 146 157 167 168 196 203 241 254]
16



[  9  23  36  58  78  80  99 125 130 156 175 177 197 219 232 246]
16



[  2  28  41  55  79  81 100 122 133 155 174 176 200 214 227 253]
16



[  0  23  46  57  75  92 101 114 141 154 163 180 198 209 232 255]
16



[  3  20  45  58  72  95 102 113 142 153 160 183 197 210 235 252]
16



[  1  14  52  59  82  93 103 104 151 152 162 173 196 203 241 254]
16



[  2  25  47  52  69  94 104 115 140 151 161 186 203 208 230 253]
16



[  0  27  39  60  78  85 105 114 141 150 170 177 195 216 228 255]
16



[  0  15  54  57  83  92 101 106 149 154 163 172 198 201 240 255]
16



[  2  25  37  62  76  87 107 112 143 148 168 179 193 218 230 253]
16



[ 15  24  33  54  66  85 108 123 132 147 170 189 201 222 231 240]
16



[  8  31  35  52  70  81 109 122 133 146 174 185 203 220 224 247]
16



[  2  31  41  52  69  88 110 115 140 145 167 186 203 214 224 253]
16



[  5  30  40  51  66  89 111 116 139 144 166 189 204 215 225 250]
16



[  2  21  44  59  73  94 103 112 143 152 161 182 196 211 234 253]
16



[  5  18  40  63  75  92 102 113 142 153 163 180 192 215 237 250]
16



[ 17  30  36  43  71  72 114 125 130 141 183 184 212 219 225 238]
16



[  7  26  41  52  64  93 110 115 140 145 162 191 203 214 229 248]
16



[  6  17  45  58  72  95  99 116 139 156 160 183 197 210 238 249]
16



[ 16  31  35  44  70  73 117 122 133 138 182 185 211 220 224 239]
16



[  2  21  44  59  79  88  97 118 137 158 167 176 196 211 234 253]
16



[ 20  27  33  46  66  77 119 120 135 136 178 189 209 222 228 235]
16



[ 10  29  36  51  65  86 111 120 135 144 169 190 204 219 226 245]
16



[ 11  21  44  50  64  94 103 121 134 152 161 191 205 211 234 244]
16



[ 11  16  38  61  76  87  97 122 133 158 168 179 194 217 239 244]
16



[ 17  30  39  40  66  77 116 123 132 139 178 189 215 216 225 238]
16



[ 21  26  38  41  64  79 115 124 131 140 176 191 214 217 229 234]
16



[  9  30  36  51  71  80 106 125 130 149 175 184 204 219 225 246]
16



[ 10  20  45  51  71  89  96 126 129 159 166 184 204 210 235 245]
16



[  7  25  42  52  76  82  97 127 128 158 173 179 203 213 230 248]
16



[  7  26  41  52  76  81  98 127 128 157 174 179 203 214 229 248]
16



[ 10  23  45  48  68  89  99 126 129 156 166 187 207 210 232 245]
16



[  9  20  39  58  78  83  96 125 130 159 172 177 197 216 235 246]
16



[ 13  16  38  59  74  87  97 124 131 158 168 181 196 217 239 242]
16



[  9  18  39  60  78  85  96 123 132 159 170 177 195 216 237 246]
16



[ 14  16  41  55  67  93 100 122 133 155 162 188 200 214 239 241]
16



[  1  28  47  50  74  87 100 121 134 155 168 181 205 208 227 254]
16



[  9  30  36  51  66  85 111 120 135 144 170 189 204 219 225 246]
16



[  3  20  45  58  78  89  96 119 136 159 166 177 197 210 235 252]
16



[ 21  26  35  44  64  79 118 121 134 137 176 191 211 220 229 234]
16



[  1  22  44  59  79  88  98 117 138 157 167 176 196 211 233 254]
16



[ 12  23  33  58  66  89 111 116 139 144 166 189 197 222 232 243]
16



[ 11  21  38  56  64  94 109 115 140 146 161 191 199 217 234 244]
16



[ 10  17  39  60  68  95 105 114 141 150 160 187 195 216 238 245]
16



[  9  23  36  58  66  92 111 113 142 144 163 189 197 219 232 246]
16



[  8  19  38  61  69  94 107 112 143 148 161 186 194 217 236 247]
16



[  3  30  40  53  68  89 111 114 141 144 166 187 202 215 225 252]
16



[ 13  26  32  55  67  84 110 121 134 145 171 188 200 223 229 242]
16



[ 11  28  38  49  64  87 109 122 133 146 168 191 206 217 227 244]
16



[  6   9  48  63  85  90  99 108 147 156 165 170 192 207 246 249]
16



[  1  31  44  50  70  88 107 117 138 148 167 185 205 211 224 254]
16



[  6   9  48  63  83  92 101 106 149 154 163 172 192 207 246 249]
16



[  3  24  46  53  68  95 105 114 141 150 160 187 202 209 231 252]
16



[ 14  16  35  61  69  91 104 118 137 151 164 186 194 220 239 241]
16



[  1  14  50  61  84  91 103 104 151 152 164 171 194 205 241 254]
16



[  3  20  40  63  77  90 102 113 142 153 165 178 192 215 235 252]
16



[ 15  20  34  57  72  83 101 126 129 154 172 183 198 221 235 240]
16



[ 13  16  35  62  74  87 100 121 134 155 168 181 193 220 239 242]
16



[ 15  17  40  54  68  90  99 125 130 156 165 187 201 215 238 240]
16



[ 14  19  37  56  73  84  98 127 128 157 171 182 199 218 236 241]
16



[  2  21  47  56  76  91  97 118 137 158 164 179 199 208 234 253]
16



[  6   9  53  58  83  92  96 111 144 159 163 172 197 202 246 249]
16



[  6  17  43  60  72  95 101 114 141 154 160 183 195 212 238 249]
16



[  7   8  52  59  81  94  98 109 146 157 161 174 196 203 247 248]
16



[  4  26  41  55  67  93 110 112 143 145 162 188 200 214 229 251]
16



[  0  15  54  57  83  92 101 106 149 154 163 172 198 201 240 255]
16



[  2  13  49  62  84  91 103 104 151 152 164 171 193 206 242 253]
16



[  3  20  46  57  77  90  96 119 136 159 165 178 198 209 235 252]
16



[  5  18  43  60  78  89  96 119 136 159 166 177 195 212 237 250]
16



[ 11  22  32  61  69  88 110 115 140 145 167 186 194 223 233 244]
16



[ 14  16  35  61  73  87 100 122 133 155 168 182 194 220 239 241]
16



[ 12  27  34  53  65  86 111 120 135 144 169 190 202 221 228 243]
16



[  0  30  39  57  75  85 108 114 141 147 170 180 198 216 225 255]
16



[ 14  25  32  55  67  84 109 122 133 146 171 188 200 223 230 241]
16



[  5  24  43  54  78  83  96 125 130 159 172 177 201 212 231 250]
16



[ 11  28  32  55  69  82 110 121 134 145 173 186 200 223 227 244]
16



[ 13  22  32  59  74  81 103 124 131 152 174 181 196 223 233 242]
16



[  5  27  40  54  78  80  99 125 130 156 175 177 201 215 228 250]
16



[  4  25  35  62  79  82 104 117 138 151 173 176 193 220 230 251]
16



[ 20  27  39  40  65  78 114 125 130 141 177 190 215 216 228 235]
16



[ 10  17  36  63  77  86  99 120 135 156 169 178 192 219 238 245]
16



[ 22  25  32  47  67  76 117 122 133 138 179 188 208 223 230 233]
16



[  0  23  45  58  75  92 102 113 142 153 163 180 197 210 232 255]
16



[  7  28  41  50  74  81 100 127 128 155 174 181 205 214 227 248]
16



[  4  26  47  49  73  87  98 124 131 157 168 182 206 208 229 251]
16



[ 15  18  36  57  72  85  99 126 129 156 170 183 198 219 237 240]
16



[ 10  29  36  51  71  80 105 126 129 150 175 184 204 219 226 245]
16



[  1  26  44  55  70  93 107 112 143 148 162 185 200 211 229 254]
16



[ 22  25  35  44  69  74 112 127 128 143 181 186 211 220 230 233]
16



[ 15  17  40  54  68  90  99 125 130 156 165 187 201 215 238 240]
16



[ 13  26  32  55  67  84 110 121 134 145 171 188 200 223 229 242]
16



[ 15  17  40  54  66  92 101 123 132 154 163 189 201 215 238 240]
16



[ 23  24  36  43  65  78 114 125 130 141 177 190 212 219 231 232]
16



[ 11  28  38  49  64  87 109 122 133 146 168 191 206 217 227 244]
16



[  6  17  40  63  75  92 101 114 141 154 163 180 192 215 238 249]
16



[  8  19  37  62  70  93 107 112 143 148 162 185 193 218 236 247]
16



[  1  14  50  61  87  88 100 107 148 155 167 168 194 205 241 254]
16



[  0  23  43  60  78  89 101 114 141 154 166 177 195 212 232 255]
16



[  7  28  32  59  73  82 110 117 138 145 173 182 196 223 227 248]
16



[  6   9  53  58  83  92  96 111 144 159 163 172 197 202 246 249]
16



[ 10  20  39  57  77  83  96 126 129 159 172 178 198 216 235 245]
16



[ 14  21  35  56  64  91 109 118 137 146 164 191 199 220 234 241]
16



[ 13  26  32  55  67  84 110 121 134 145 171 188 200 223 229 242]
16



[  3  29  40  54  78  80 101 123 132 154 175 177 201 215 226 252]
16



[  3  30  40  53  77  80 102 123 132 153 175 178 202 215 225 252]
16



[ 14  19  41  52  64  93 103 122 133 152 162 191 203 214 236 241]
16



[ 10  29  36  51  65  86 111 120 135 144 169 190 204 219 226 245]
16



[  7  28  41  50  74  81 100 127 128 155 174 181 205 214 227 248]
16



[  7  26  44  49  73  84  98 127 128 157 171 182 206 211 229 248]
16



[ 10  23  45  48  65  92 102 123 132 153 163 190 207 210 232 245]
16



[  8  19  47  52  69  94  98 121 134 157 161 186 203 208 236 247]
16



[  9  18  46  53  71  92  96 123 132 159 163 184 202 209 237 246]
16



[  3  30  45  48  68  89 106 119 136 149 166 187 207 210 225 252]
16



[  7  26  44  49  64  93 107 118 137 148 162 191 206 211 229 248]
16



[  6  24  43  53  77  83  96 126 129 159 172 178 202 212 231 249]
16



[  4  19  42  61  73  94 103 112 143 152 161 182 194 213 236 251]
16



[  4  19  41  62  74  93 103 112 143 152 162 181 193 214 236 251]
16



[ 15  18  40  53  65  92 102 123 132 153 163 190 202 215 237 240]
16



[  0  29  39  58  78  83 105 116 139 150 172 177 197 216 226 255]
16



[ 13  26  38  49  67  84 104 127 128 151 171 188 206 217 229 242]
16



[  2  25  37  62  79  84 104 115 140 151 171 176 193 218 230 253]
16



[ 18  29  36  43  71  72 113 126 129 142 183 184 212 219 226 237]
16



[ 16  31  35  44  69  74 118 121 134 137 181 186 211 220 224 239]
16



[ 15  20  34  57  65  90 108 119 136 147 165 190 198 221 235 240]
16



[ 10  29  33  54  71  80 108 123 132 147 175 184 201 222 226 245]
16



[ 13  22  32  59  74  81 103 124 131 152 174 181 196 223 233 242]
16



[ 16  31  38  41  67  76 117 122 133 138 179 188 214 217 224 239]
16



[  3  30  36  57  77  80 106 119 136 149 175 178 198 219 225 252]
16



[  3  29  36  58  78  80 105 119 136 150 175 177 197 219 226 252]
16



[  7  28  42  49  64  91 109 118 137 146 164 191 206 213 227 248]
16



[ 20  27  34  45  71  72 113 126 129 142 183 184 210 221 228 235]
16



[  7  26  32  61  76  81 107 118 137 148 174 179 194 223 229 248]
16



[ 14  25  32  55  69  82 107 124 131 148 173 186 200 223 230 241]
16



[  5  24  34  63  78  83 105 116 139 150 172 177 192 221 231 250]
16



[  9  23  36  58  66  92 111 113 142 144 163 189 197 219 232 246]
16



[  8  22  37  59  67  93 110 112 143 145 162 188 196 218 233 247]
16



[ 11  21  38  56  76  82  97 127 128 158 173 179 199 217 234 244]
16



[ 20  27  34  45  71  72 113 126 129 142 183 184 210 221 228 235]
16



[ 14  19  37  56  64  93 107 118 137 148 162 191 199 218 236 241]
16



[  5  18  40  63  75  92 102 113 142 153 163 180 192 215 237 250]
16



[ 15  17  34  60  72  86 101 123 132 154 169 183 195 221 238 240]
16



[ 14  16  41  55  69  91  98 124 131 157 164 186 200 214 239 241]
16



[ 15  18  40  53  65  92 102 123 132 153 163 190 202 215 237 240]
16



[ 14  25  37  50  67  84 104 127 128 151 171 188 205 218 230 241]
16



[ 13  16  38  59  74  87  97 124 131 158 168 181 196 217 239 242]
16



[ 12  17  39  58  66  95 105 116 139 150 160 189 197 216 238 243]
16



[ 11  21  44  50  64  94 103 121 134 152 161 191 205 211 234 244]
16



[ 10  17  36  63  77  86  99 120 135 156 169 178 192 219 238 245]
16



[  9  18  39  60  78  85  96 123 132 159 170 177 195 216 237 246]
16



[  8  19  38  61  69  94 107 112 143 148 161 186 194 217 236 247]
16



[  7  25  42  52  64  94 109 115 140 146 161 191 203 213 230 248]
16



[  6  24  45  51  65  95 106 116 139 149 160 190 204 210 231 249]
16



[  5  30  40  51  75  80 102 125 130 153 175 180 204 215 225 250]
16



[  4  31  41  50  67  88 110 117 138 145 167 188 205 214 224 251]
16



[  3  24  36  63  78  85 105 114 141 150 170 177 192 219 231 252]
16



[  2  31  37  56  73  84 110 115 140 145 171 182 199 218 224 253]
16



[  1  28  38  59  79  82 104 117 138 151 173 176 196 217 227 254]
16



[  0  27  39  60  78  85 105 114 141 150 170 177 195 216 228 255]
16

