

[  0  10  32  52  59  61  64  71  89  94  97 150]
12



[  1  38  43  59  61  64  71  87 131 141 150 174 197]
13



[  0   2  10  22  30  32  39  52  71  89  94 123 153 192]
14



[  3  13  54  63  94 118 137 138 144 149 153 179 194]
13



[  2   7  10  19  42  47  52  68  89  90 112 119 134]
13



[ 5  9 21 22 32 39 54 61 64 70 84 89 94]
13



[  6  18  41  45  61  64  79  84  85  91  97 131 199]
13



[  7  19  30  32  39  52  61  88  89  90  94 136 187 192]
14



[  8  10  35  41  54  89 114 130 149 153 164 192]
12



[  9  23  52  61  71  79  84  89  91  94 102 119 142 188]
14



[ 10  15  30  32  41  61  72  89  90  94 114 184 197]
13



[ 24  47  51  74  98 113 118 130 136 142 165 179 188 197]
14



[  1  12  16  51  64  71  78  84 140 150 177 195]
12



[  9  11  13  34  39  61  64  71  89  94 121 136 149]
13



[  2  14  27  39  54  70  78 106 133 153 163 192]
12



[  5  21  22  39  45  61  64  71  91 116 128 154 180 182]
14



[  0  10  16  32  59  61  64  71  89  97 140 150 197]
13



[ 17  30  38  41  54  61  64  72  89  90 136 171 195]
13



[  4  19  23  24  26  46  54  74  90 117 158 180 199]
13



[ 19  23  39  42  52  61  89  90 119 136 142 158 188 192 195]
15



[  8  20  21  22  32  46  50  55  72 165 191]
11



[ 0  5 21 22 30 32 39 52 61 64 71 84 89 94 97]
15



[  5   9  21  22  23  54  61  71  84  89  91  94 102 118 188]
15



[ 19  23  39  54  61  71  89  90 119 136 142 188 192 195]
14



[  9  15  19  23  24  39  54  71  73  91  94 116 117 119]
14



[  5   9  21  22  25  39  54  61  64  71  84  91  94 102 199]
15



[  9  54  55  64  67  70 106 121 141 175 195]
11



[ 10  16  27  30  75  89 138 140 151 159 197]
11



[  2  21  22  28  34  71  89  94  97 118 123 137 142]
13



[  0  23  29  38  51  71  78  90 104 128 140 188 195 197]
14



[  0  10  15  30  32  46  52  61  72  76  89  90 122 192]
14



[ 10  16  24  31  64  68  72 107 125 144 145 170]
12



[  2  15  32  39  54  90  94 114 116 159 161 184 199]
13



[  5  21  33  39  54  61  64  70  90 116 136 137 164 180]
14



[ 32  34  61  64  90  94  98 107 144 150 174 197 199]
13



[  8  10  15  32  35  41  89 111 130 153 158 192 197]
13



[  0  22  23  36  70  72  78  89  94 149 153 166 197]
13



[  3  18  37  41  45  54  64  70  78  84 138 140 195]
13



[  0  29  38  64  71  78  89  90 104 140 171 195 197]
13



[  0   7  10  19  30  32  39  52  61  71  90  94 182 192]
14



[ 32  40  54  57  61  72  89  90  94 114 161 165 192]
13



[ 32  43  51  64  68  71  79  85  97 132 134 164 180]
13



[  9  19  23  39  42  54  61  89 119 136 142 158 188 192 195]
15



[  1  32  43  61  64  68  71  89  90 136 150 164 197]
13



[  5   9  15  23  39  44  54  61  70  89  91  94 102 119 158 188]
16



[  6   9  18  45  54  61  64  68  71  84  91 140 199]
13



[  4   5   8  30  36  40  46  86  90 173 174]
11



[  7  18  32  47  52  61  64  68  71  89  90 136 180]
13



[  5  18  30  32  48  61  85  88  89  97 118 164]
12



[  7  30  40  49  61  64  85  90 101 107 138 167 168]
13



[  8  10  36  50  59  72  77  81  89 114 130 153 197]
13



[  7  18  24  32  47  51  64  68  71  85  90 107 112]
13



[  5   9  21  22  32  39  52  61  64  71  84  89  94 174]
14



[  0  10  16  32  53  59  61  64  79  97 140 177 197]
13



[  8  10  16  27  32  44  84 108 114 125 129]
11



[  5  32  47  55  57  61  64  65  72  85  89  90  92 180]
14



[ 16  46  56  61  72  77  85  89 134 137 138 173]
12



[  5  22  32  33  57  58  61  88 116 180 191]
11



[  2   7   9  10  39  52  58  71  94 119 182 189 192]
13



[ 10  16  32  41  59  61  64  72  79  89 111 184 197]
13



[  0   5  15  40  61  70  76  90 137 158 182 191]
12



[ 15  33  41  61  70  76  89  90 157 166 192 197]
12



[  1   6  16  59  61  62  63  64  71  97 107 131 150]
13



[  1  34  61  63  68  71  89  95  97 140 142 150 197]
13



[  1   5  27  32  55  57  64  65  73  80  89 106 134]
13



[  1  32  61  64  65  68  72  90  98 107 140 144 197]
13



[ 15  18  32  35  66  70 114 130 147 159 197 199]
12



[  2  15  27  32  44  54  67  70  89 106 114 153 159]
13



[  9  18  52  61  68  71  79  84  89  91 102 119 142 174 188]
15



[  8  19  46  54  57  69  89  90 119 134 136 138 195]
13



[  6  41  61  85  87 116 131 137 142 150 195 199]
12



[  5   9  21  22  23  39  52  61  71  84  89  91 102 180 188]
15



[  7  32  49  58  61  68  85  90 114 150 159 180]
12



[  6   9  10  39  54  64  71  73  89  91 140 194]
12



[ 50  74  78  90 108 113 117 138 140 165 197 199]
12



[ 18  45  52  64  71  73  75  78 116 140 170 194 195]
13



[ 30  32  61  76  88  89  90 136 151 166 187 192 197]
13



[  8  15  16  46  59  72  77  89 119 130 137 138 149]
13



[  0  23  29  38  71  78  89  90 104 140 188 195 197]
13



[  7  16  32  61  64  68  71  79  84  85  89 132 174]
13



[ 32  47  61  64  68  72  90  98 107 136 148 197]
12



[  8  50  72  77  81  89 123 130 137 138 162 165 173 197]
14



[ 5 21 22 39 52 61 64 71 82 89 91 94 97]
13



[ 24  55  64  81  83  84 102 125 145 190 191]
11



[  6   9  18  52  61  64  68  71  79  84  89 140 171]
13



[ 16  54  68  70 106 122 144 149 159 173 178]
11



[ 30  36  40  46  56  61  72  86  89  90 138 173]
12



[  1  38  41  55  61  64  87  90 131 137 150 195 197]
13



[ 30  32  61  71  88  89  90  94 136 164 192 197]
12



[  7  18  32  47  55  64  85  90  99 116 168 176]
12



[  1  38  41  45  59  61  62  64  91 101 107 131 174]
13



[  5   9  21  22  39  45  54  61  64  71  84  91 102 180 199]
15



[  0  10  27  30  32  47  64  71  89  92 115 153 197]
13



[  7  18  64  80  85  90  93 109 137 144 182 190]
12



[  0   7  10  30  32  39  52  64  75  89  90  94 168]
13



[ 32  41  50  55  61  70  72  89  90  95 114 140 155 197]
14



[  9  18  23  52  61  68  71  79  84  89  91  96 102 142 188]
15



[  5  21  30  32  39  52  61  71  88  89  94  97 123 136 164]
15



[ 18  61  68  79  90  98 107 142 144 159 174 184 197 199]
14



[  5  27  30  32  54  64  67  73  80  89  99 184]
12



[  9  24  45  68  83  84  91  98 100 140 142 188]
12



[ 30  41  61  64  90  94 101 107 138 174 184 197]
12



[  5   9  21  22  23  39  52  61  71  84  89  91  94 102 188]
15



[  0  27  32  55  59  97 103 131 147 161 165 197]
12



[ 18  37  61  64  70  90 116 136 138 167 182 195]
12



[  6  16  45  64  71  84  85 105 167 182 190 195]
12



[ 22  23  30  36  42  48  56 106 153 176]
10



[ 17  40  61  64  85  90  98 107 131 150 174 195 199]
13



[  7   8  10  30  32  76  90 108 122 144 159 182 192]
13



[  8  30  52  64  84  89 106 109 124 136 153 162]
12



[  8  15  16  41  59  72  77 110 119 130 137 138 149 179 182]
15



[ 41  50  59  70  72  89  94 111 120 130 138 153 183 197]
14



[  4   7  18  23  24  47  51  71  85  90 112 119 137 142]
14



[ 18  29  51  68  78  90  98 113 140 142 188 197]
12



[ 10  41  50  58  72  90 100 114 119 134 195]
11



[  8  12  16  41  77  78  87 125 128 149 150 195 197]
13



[  5  21  33  39  54  61  64  70  90 116 137 164 180 199]
14



[ 16  64  72  79  85 117 138 148 160 174 183 184]
12



[ 21  34  61  71  89  90  94 118 136 142 150 188]
12



[ 19  26  61  71  88  90  94  95 116 119 142 167 191]
13



[  0  29  32  43  47  51  55  64 115 128 150 197]
12



[  5   9  32  39  44  54  64  70  89  94 121 136 153]
13



[  0  10  15  30  32  46  52  61  72  76  90 122 182 192]
14



[  2   5  21  30  32  39  52  71  88  89  94  97 123 136 164]
15



[ 19  23  29  38  52  71  75  78  89  90 124 136 188 192]
14



[  8  10  15  32  41  72  90  95 114 125 147 197]
12



[ 18  23  24  28  71 104 107 116 126 140 157 195 199]
13



[  1   6   8  16  41  59  64  72  89 127 132 137]
12



[ 30  32  61  64  71  90  94 128 131 136 164 197]
12



[  8  60  63  64  67  69  92 102 129 138 148 153 190]
13



[  8  15  16  41  59  77  89  97 119 130 137 138 149 150 197]
15



[ 32  40  55  61  64  85  90 107 116 131 150 168 191]
13



[ 18  32  34  61  64  68  79  97  98 107 132 144 197 199]
14



[  6  16  41  61  64  72  79  85 131 133 182 183 195]
13



[  7  19  23  47  57  61  68  89  90 134 136 142 180 187]
14



[  0  23  39  61  70  90 135 158 182 188 192 195]
12



[  5  32  39  52  61  64  65  71  89  90 136 164 180]
13



[  6  16  41  47  61  64  72  85  89 137 138 168 195]
13



[  9  40  41  70  89 120 138 155 156 158 195]
11



[  7  24  32  39  64  71  85  90 112 116 139 182]
12



[  6   9  10  45  52  61  64  71  79  84 140 182 195]
13



[ 38  43  55  59  64 115 137 141 145 150 197]
11



[  9  18  23  52  61  68  71  84  89 102 136 142 180 188]
14



[  9  21  24  29  31  45  54  55  62 142 143 180]
12



[  1   7  32  34  61  64  68  90 140 144 150 154 187]
13



[  0  10  27  38  59  64  71  79  89 140 145 153 197]
13



[  6  27  39  84  85  91  98 117 142 146 166 184 199]
13



[ 15  32  70  90  94 144 147 159 161 192 197 199]
12



[ 18  55  61  88  89  90 118 137 142 148 165 197]
12



[  8  10  15  36  46  54  72  77  89 122 130 138 149 153]
14



[  1  16  32  52  61  64  68  71  84  89  97 140 150]
13



[  8  30  32  67  88  89  90 136 151 159 164 192 197]
13



[ 18  42  61  85  90 101 114 116 118 152 164 184 199]
13



[ 24  47  51  57  64  65  72  90 104 107 136 197]
12



[  5   6   9  18  22  45  61  64  71  84  91 154 180 199]
14



[ 15  22  34  61  70  89  94  97 120 137 155 192 197]
13



[  2  17  30  32  39  90  94 131 156 159 161 192]
12



[  1   8  20  22  32  55  57  64  80 107 116 131 154 191]
14



[ 15  23  39  54  61  70  89  90  94 119 158 188 192]
13



[ 32  33  61  76  86  88  89  90 151 159 164 192 197]
13



[  5   8  16  27  44  54  55  72  89 106 160 173 175]
13



[ 15  32  40  41  61  70  72  89  90  94  95 114 161 192]
14



[  8  22  72  77  89 114 130 149 153 162 173 192 197]
13



[  8  14  27  36  54  72  91 106 138 153 163 173]
12



[  1  32  43  59  61  64  71  89  97 136 150 164 197]
13



[ 32  41  50  55  61  72  89  90  95 140 165 187 197]
13



[  0  15  32  61  70  89  90  94 166 188 192 197]
12



[  6  18  47  61  64  71 104 107 116 154 167 195 199]
13



[  0   7  16  30  61  64  72  85 131 149 168 182]
12



[ 12  22  25  71  78  94 118 123 145 153 169 194 197]
13



[  9  18  41  54  61  64  68  70  84  89  91 140 170]
13



[  1   6   8  77 105 158 167 171 172 183 190 195]
12



[ 38  41  61  64  72  79  89 171 172 174 183 195 197]
13



[  8  22  40  46  54  57  72  89 106 114 161 173 192]
13



[ 0 16 32 47 52 55 61 62 64 84 92 98]
12



[  8  16  30  46  72  89 106 122 123 138 160 173 174 175]
14



[  5  18  32  54  61  64  70  90 116 164 176 180 199]
13



[  0  10  25  38  64  71  78 140 145 153 177 194 197]
13



[ 16  61  89 122 123 138 150 159 173 174 178 197]
12



[  6   8  18  41  54  77 110 116 130 137 138 179 190]
13



[  5  26  32  61  64  65  71  90 116 128 134 154 164 180]
14



[  8  10  32  35  48  50  89 114 151 153 159 164 181 197]
14



[  7  32  39  41  61  64  90  94 116 128 131 168 182]
13



[  1  30  38  41  61  64  72  89  90 171 174 183 195 197]
14



[  5  18  32  61  64  79  85  89  90 164 174 184]
12



[  9  18  23  47  84  89  91  96 118 142 154 185 188]
13



[ 22  28  39  71  88  89  94  95  97 142 155 186 192]
13



[  7  32  40  55  57  61  72  76  86  89  90 168 187]
13



[ 18  23  52  61  68  71  89  90 102 119 136 142 188]
13



[  6  18  45  61  71  84  85 119 133 157 182 189 195]
13



[  3   6  16  24  37  54  63  64  84 117 138 140 144 190]
14



[  0  30  32  40  46  61  72  85  90 122 131 135 182 191 192]
15



[  0   7  10  19  30  32  39  52  61  89  90  94 158 192]
14



[ 61  77  85  86 119 123 137 142 192 193 195]
11



[ 25  34  64  71  79  90  94 101 107 194 197 199]
12



[ 11  13  54  61  64  89  94 121 136 138 149 164]
12



[  7  32  40  55  61  90 114 131 134 152 154 196]
12



[ 79  88  89  90  94 112 119 137 142 187 197]
11



[  8  10  41  77  89  97 114 119 130 149 192 197 198]
13



[  2   5  15  25  39  54  90  94 159 161 184 199]
12

