

[ 14  21  57  97 105 114 160 168 188]
9



[ 43  60  80 104 108 109 116 146 151 184]
10



[  2  31 115 118 119 163 178 196]
8



[  3   5   9  42 114 168 175 176 180]
9



[  3  14  56  86 107 112 157 158 178]
9



[  5   9  47  70  87  90  93 130 147 156]
10



[ 37  40 105 115 138 156 162 170]
8



[  7  22  36  48  60  86  89 101 107 138]
10



[  8  56  83 102 126 133 147 193 199]
9



[  9  13  40  53  69 132 133 184 197]
9



[  7  10  75  86  90 101 164 177 195]
9



[ 11  27  31  72  83 150 169]
7



[  7  22  36  48  60  86  89 101 107 138]
10



[  9  13  40  53  69 132 133 184 197]
9



[  3  14  56  86 107 112 157 158 178]
9



[  9  37  72  93  99 117 151 181 185 199]
10



[  3   5  47  56  87 172 175 176]
8



[ 14  25  45  60 105 158 160 184 185]
9



[ 13  57  68  80 116 117 151 169]
8



[ 27  45  48  60 107 109 112 178 197]
9



[  8  14  20  27  36 107 137 178 189]
9



[  5   9  47  70  87  90  93 130 147 156]
10



[ 43  60  80 104 108 109 116 146 151 184]
10



[  9  23  53 106 125 143 150 172 180 181]
10



[ 83  89 101 107 111 131 160 182 193 199]
10



[ 25  60  83 107 111 158 160 177 196]
9



[ 27  55  67 108 115 138 150 152]
8



[  7  22  36  48  60  86  89 101 107 138]
10



[  2  15  21  27  28  31 119 159]
8



[ 35  83  84  89 101 117 149 162 175 182 199]
11



[ 24  27  30  49  50  61  72 155 181]
9



[  9  31  39  40  48  69  91 133 140]
9



[  3  14  56  86 107 112 157 158 178]
9



[ 37  69 111 148 160 167 182 185 199]
9



[ 34  67  74  89 149 166 180 184]
8



[ 83  89 101 107 111 131 160 182 193 199]
10



[  7  22  36  48  60  86  89 101 107 138]
10



[  9  37  72  93  99 117 151 181 185 199]
10



[ 37  38  46  86 111 113 158 159 164 188]
10



[ 22  30  39  47  48  57  58  93 184]
9



[  5   9  47  70  87  90  93 130 147 156]
10



[  7  22  35  41  47  48  62  84 162]
9



[  5   9  42  59 114 145 168 175 180 186]
10



[ 43  60  80 104 108 109 116 146 151 184]
10



[  9  31  39  40  48  69  91 133 140]
9



[ 14  25  45  60 105 158 160 184 185]
9



[  9  34  46  50  51  65  82  99 143]
9



[  5   9  47  70  87  90  93 130 147 156]
10



[  9  37  72  93  99 117 151 181 185 199]
10



[  9  21  31  49  59  69  88 105 157]
9



[ 24  27  30  49  50  61  72 155 181]
9



[  9  34  46  50  51  65  82  99 143]
9



[ 34  71  73 131 157 158 160 180 184]
9



[  9  21  40  53  69  94 119 130]
8



[ 83  89 101 107 111 131 160 182 193 199]
10



[  9  37  72  93  99 117 151 181 185 199]
10



[  9  37  72  93  99 117 151 181 185 199]
10



[ 43  60  80 104 108 109 116 146 151 184]
10



[ 13  57  68  80 116 117 151 169]
8



[  9  34  46  50  51  65  82  99 143]
9



[  7  22  36  48  60  86  89 101 107 138]
10



[ 24  27  30  49  50  61  72 155 181]
9



[  5   9  47  70  87  90  93 130 147 156]
10



[  5   9  47  70  87  90  93 130 147 156]
10



[  3   5  47  56  87 172 175 176]
8



[ 43  60  80 104 108 109 116 146 151 184]
10



[  9  34  46  50  51  65  82  99 143]
9



[ 43  60  80 104 108 109 116 146 151 184]
10



[  9  13  40  53  69 132 133 184 197]
9



[  9  35  53  69  99 111 184 185 199]
9



[  5   9  47  70  87  90  93 130 147 156]
10



[ 34  71  73 131 157 158 160 180 184]
9



[  9  37  72  93  99 117 151 181 185 199]
10



[ 83  89 101 107 111 131 160 182 193 199]
10



[ 45  56  74  95 108 143 146 166 180]
9



[ 35  83  84  89 101 117 149 162 175 182 199]
11



[ 11  72  76 128 150 156 169 171]
8



[ 56  57  77  91 114 122 146 168 180]
9



[ 14  30  43  72  75  82 155 178 182]
9



[  3  14  56  86 107 112 157 158 178]
9



[ 13  57  68  80 116 117 151 169]
8



[  7  22  36  48  60  86  89 101 107 138]
10



[  7  22  36  48  60  86  89 101 107 138]
10



[ 83  89 101 107 111 131 160 182 193 199]
10



[ 35  83  84  89 101 117 149 162 175 182 199]
11



[  9  37  72  93  99 117 151 181 185 199]
10



[  7  22  36  48  60  86  89 101 107 138]
10



[  5   9  47  70  87  90  93 130 147 156]
10



[  9  21  31  49  59  69  88 105 157]
9



[ 83  89 101 107 111 131 160 182 193 199]
10



[  8  12  21  56  90 127 130 147 188]
9



[  9  37  72  93  99 117 151 181 185 199]
10



[ 43  60  80 104 108 109 116 146 151 184]
10



[  5   9  47  70  87  90  93 130 147 156]
10



[  9  21  40  53  69  94 119 130]
8



[ 14  56  57 112 128 168 169 188]
8



[ 43  60  80 104 108 109 116 146 151 184]
10



[ 14  21  57  97 105 114 160 168 188]
9



[  7  22  36  48  60  86  89 101 107 138]
10



[  9  37  72  93  99 117 151 181 185 199]
10



[  9  34  46  50  51  65  82  99 143]
9



[ 83  89 101 107 111 131 160 182 193 199]
10



[  9  31  40  48  91 102 107 133 140 199]
10



[  3   5   9  42 114 168 175 176 180]
9



[ 43  60  80 104 108 109 116 146 151 184]
10



[  9  21  31  49  59  69  88 105 157]
9



[  5   9  42  59 114 145 168 175 180 186]
10



[  7  22  36  48  60  86  89 101 107 138]
10



[ 43  60  80 104 108 109 116 146 151 184]
10



[ 43  60  80 104 108 109 116 146 151 184]
10



[  9  34  46  50  51  65  82  99 143]
9



[  9  35  53  69  99 111 184 185 199]
9



[  3  14  56  86 107 112 157 158 178]
9



[ 30  43  50 108 109 113 120 155 179]
9



[  3   5   9  42 114 168 175 176 180]
9



[ 40  47  58  70  93 114 115 129 133]
9



[ 43  60  80 104 108 109 116 146 151 184]
10



[  9  37  72  93  99 117 151 181 185 199]
10



[  2  15  28  31  51 114 118 140 141]
9



[  5   9  47  70  87  90  93 130 147 156]
10



[ 31  37  43 108 113 120 150 177 179]
9



[ 83  89 101 107 111 131 160 182 193 199]
10



[ 15  44  48  55  82 108 122 131 180]
9



[  9  51  59  88 105 135 157 176]
8



[ 43  60  80 104 108 109 116 146 151 184]
10



[ 83  89 101 107 111 131 160 182 193 199]
10



[  8  56  83 102 126 133 147 193 199]
9



[  8  12  21  56  90 127 130 147 188]
9



[  5   9  47  70  87  90  93 130 147 156]
10



[ 24  45  56  88 144 162 163 189 191]
9



[  9  37  72  93  99 117 151 181 185 199]
10



[  7  22  36  48  60  86  89 101 107 138]
10



[  5   9  47  70  87  90  93 130 147 156]
10



[  9  37  72  93  99 117 151 181 185 199]
10



[  5   9  47  70  87  90  93 130 147 156]
10



[  9  51  59  88 105 135 157 176]
8



[  6   9  30  40  46  75 136 169]
8



[  7  22  36  48  60  86  89 101 107 138]
10



[  7  22  36  48  60  86  89 101 107 138]
10



[ 14  56  86 105 107 115 135 196]
8



[  9  31  39  40  48  69  91 133 140]
9



[ 24  27  30  49  50  61  72 155 181]
9



[ 57  69  97 114 124 136 142 160 164]
9



[  5   9  47  70  87  90  93 130 147 156]
10



[  2  12  45  48  82 109 122 162 163 178]
10



[  5   9  42  59 114 145 168 175 180 186]
10



[ 43  60  80 104 108 109 116 146 151 184]
10



[  5   9  47  70  87  90  93 130 147 156]
10



[  7  22  36  48  60  86  89 101 107 138]
10



[ 14  25  45  60 105 158 160 184 185]
9



[  9  37  53  72  99 108 150 181 185]
9



[ 43  60  80 104 108 109 116 146 151 184]
10



[  9  40  53  69 130 197]
6



[ 14  15  21  31  43  85 119 153 174]
9



[  9  37  72  93  99 117 151 181 185 199]
10



[ 14  30  43  72  75  82 155 178 182]
9



[  5   9  47  70  87  90  93 130 147 156]
10



[  9  21  23  49  59  88 105 157 168]
9



[ 14  25  45  60 105 158 160 184 185]
9



[ 37  38  46  86 111 113 158 159 164 188]
10



[ 37  69 111 148 160 167 182 185 199]
9



[ 43  60  80 104 108 109 116 146 151 184]
10



[ 22  35  55  62  89 162 182 194 199]
9



[  8  56  83 102 126 133 147 193 199]
9



[  7  37  75  86 101 138 164 168 170]
9



[  7  22  36  48  60  86  89 101 107 138]
10



[ 43  60  80 104 108 109 116 146 151 184]
10



[ 83  89 101 107 111 131 160 182 193 199]
10



[ 14  56  57 112 128 168 169 188]
8



[ 13  55  56  57 130 168 169 180]
8



[ 33  40  58  70  93 114 115 129 160 170]
10



[ 18  23  84 117 135 165 171 182 197]
9



[  3   5   9  42 114 168 175 176 180]
9



[ 14  22  30 109 130 163 173 184 199]
9



[ 15  44  48  55  82 108 122 131 180]
9



[  3   5   9  42 114 168 175 176 180]
9



[  3   5  47  56  87 172 175 176]
8



[ 83  89 101 107 111 131 160 182 193 199]
10



[  3  14  56  86 107 112 157 158 178]
9



[  9  35  53  69  99 111 184 185 199]
9



[  3   5   9  42 114 168 175 176 180]
9



[  9  37  72  93  99 117 151 181 185 199]
10



[ 83  89 101 107 111 131 160 182 193 199]
10



[ 22  35  55  62  89 162 182 194 199]
9



[ 43  60  80 104 108 109 116 146 151 184]
10



[  9  35  53  69  99 111 184 185 199]
9



[  5   9  42  59 114 145 168 175 180 186]
10



[ 27  45  48  60 107 109 112 178 197]
9



[ 14  56  57 112 128 168 169 188]
8



[ 24  45  56  88 144 162 163 189 191]
9



[ 35  69 101 117 126 151 160 169 193 199]
10



[ 31  68  69 106 149 150 169 191 196 197]
10



[  9  40  53  69 130 197]
6



[ 35  69 101 117 126 151 160 169 193 199]
10



[ 22  48  84  89 101 102 107 146 194 199]
10



[ 35  83  84  89 101 117 149 162 175 182 199]
11



[  7  22  36  48  60  86  89 101 107 138]
10



[  9  13  40  53  69 132 133 184 197]
9



[  7  22  36  48  60  86  89 101 107 138]
10



[ 35  83  84  89 101 117 149 162 175 182 199]
11

