

[ 0  5 32 52 59 61 64 71 79 89 94 97]
12



[  1  38  59  61  63  64  71 107 131 141 150 174 197]
13



[  0   2  10  22  30  32  39  52  71  89  94 123 153 192]
14



[  3  65  78  84  94 118 123 138 144 153 156 169 185]
13



[  2   7  10  19  42  52  77  89 112 114 119 134]
12



[ 5  9 21 22 32 39 54 61 64 70 84 89 94]
13



[  6  18  41  45  61  64  79  84  85  91  97 131 199]
13



[  7  19  30  32  39  52  61  88  89  90  94 136 187 192]
14



[ 32  43  50  52  53  59 115 120 153 155 164]
11



[  0   2  59  72  79  94 111 117 161 182 184]
11



[ 10  15  30  32  41  61  72  89  90  94 114 184 197]
13



[ 11  15  59  72  91  94 117 119 127 130 137 138]
12



[  1  12  16  51  64  71  78  84 140 150 177 195]
12



[  9  11  13  34  39  61  64  71  89  94 121 136 149]
13



[  2  14  27  39  54  70  78 106 133 153 163 192]
12



[ 12  23  39  42  51  78 128 140 157 182 195]
11



[  0  10  16  32  59  61  64  71  89  97 140 150 197]
13



[ 17  30  38  41  54  61  64  72  89  90 136 171 195]
13



[  4  19  23  24  26  46  54  74  90 117 158 180 199]
13



[ 19  23  39  42  52  61  89  90 119 136 142 158 188 192 195]
15



[  0   5  22  25  26  64  94 128 129 145 191]
11



[ 0  5 21 22 30 32 39 52 61 64 71 84 89 94 97]
15



[  5   9  21  22  23  54  61  71  84  89  91  94 102 118 188]
15



[ 19  23  39  42  54  61  89  90 119 136 142 158 188 192 195]
15



[  0  19  20  26  37  38  46  87  90 100 128 158 193 195]
14



[  5   9  21  22  25  39  52  61  64  71  84  91  94 102 199]
15



[ 20  26  54  55  64  70  99 116 121 139 195]
11



[  2   9  22  32  39  65  70  84  89 106 114 153 155]
13



[  2  21  22  28  34  71  89  94  97 118 123 137 142]
13



[  0  23  29  38  51  71  78  90 104 128 140 188 195 197]
14



[  0  10  15  30  32  46  52  61  72  76  89  90 122 192]
14



[ 10  16  24  31  54  64  68  72 125 144 170]
11



[  2   5  15  27  30  32  39  54  89 159 161 175 184]
13



[  5  21  33  39  54  61  64  70  90 116 136 137 164 180]
14



[ 32  34  61  64  90  94  98 107 144 150 174 197 199]
13



[  8  10  15  32  35  41  89 111 130 153 158 192 197]
13



[  0  22  36  55  59  61  70  72  89  94 166 183 197]
13



[  3  18  37  41  45  54  64  70  78  84 138 140 195]
13



[  0  30  38  61  64  71  89  90 104 140 171 195 197]
13



[  0  10  15  19  30  32  39  52  61  71  89  90  94 192]
14



[ 32  40  54  57  61  72  89  90  94 114 161 165 192]
13



[ 15  16  41  54  61  70  72  77  89 119 134 137 138]
13



[  9  19  23  39  42  54  61  89 119 136 142 158 188 192 195]
15



[  1  32  43  61  64  68  71  89  90 136 150 164 197]
13



[  5   9  15  23  39  44  54  61  70  89  91  94 102 119 158 188]
16



[  6   9  18  45  52  61  64  68  71  79  84  91 140 199]
14



[ 21  24  29  32  46  51  55  57  90 161 175 180]
12



[  7  18  32  47  52  61  64  68  71  89  90 136 180]
13



[  5  30  32  43  46  61  71  85  89  90 118 122 164 174]
14



[  7  40  49  61  64  85  90 101 107 116 138 150 167 168]
14



[  8  10  36  50  59  72  77  81  89 114 130 153 197]
13



[  7  18  24  32  47  51  64  68  71  85  90 107 112]
13



[  5   9  21  22  32  39  52  61  64  71  84  89  94 174]
14



[  0  10  16  32  53  59  61  64  79  97 140 177 197]
13



[  9  42  44  54  55  61  84  89  94 102 114 118 155]
13



[  5  32  40  55  61  64  65  70  72  89  90 134 154 180 187]
15



[  5  16  46  56  61  72  77  85  89 134 137 173 180]
13



[  0   7  16  32  47  51  55  64  85 127 128 150]
12



[  2   7   9  10  39  52  58  71  94 119 182 189 192]
13



[ 10  16  32  41  59  61  64  79  89  97 111 164 181 197]
14



[  0   5  15  21  32  39  60  61  70  90  94 159 166 182]
14



[  0  15  61  70  76  89  90 137 155 157 158 192 197]
13



[  1   6  16  59  61  62  63  64  71  97 107 131 150]
13



[  1   6  61  63  68  84  97  98 140 142 144 171]
12



[  1  16  37  41  45  61  62  64  97 101 107 132]
12



[  1  32  61  64  65  68  72  90  98 107 140 144 197]
13



[ 18  32  35  66  70 114 130 147 159 164 197 199]
12



[  2  15  27  32  44  54  67  70  89 106 114 153 159]
13



[  9  18  52  61  68  71  79  84  89  91 102 119 142 174 188]
15



[  8  46  54  57  69  89  90 119 134 136 137 138 195]
13



[ 39  41  54  70  78  89  94 137 149 153 155 164 192]
13



[  9  18  23  52  61  68  71  79  84  89  91 102 119 142 188]
15



[  7  24  32  47  49  64  68  72  85  90 180]
11



[  6   9  10  39  54  64  71  73  89  91 140 194]
12



[ 50  74  78  90 108 113 117 138 140 165 197 199]
12



[ 12  18  45  52  64  71  73  75  78 140 170 194 195]
13



[ 30  32  61  76  88  89  90 122 151 166 187 192 197]
13



[  8  15  16  46  59  72  77  89 119 130 137 138 149]
13



[  0  23  29  38  71  78  89  90 104 140 188 195 197]
13



[  7  16  32  52  61  64  68  71  79  84  89 132 174]
13



[ 14  27  45  54  62  70 133 143 148 153 169 176]
12



[  8  50  72  77  81  89 123 130 137 138 162 165 173 197]
14



[  5   9  21  22  39  52  61  64  71  82  89  91  94 102 174]
15



[  1   6  16  27  55  63  64  84  98 117 140 190]
12



[  5   9  22  23  39  52  61  84  89  91 102 158 180 188]
14



[  0   5  21  30  52  61  64  71  90  94 101 174]
12



[ 30  40  46  61  72  76  86  89  90 124 138 168 173]
13



[  1  38  41  55  61  64  87  90 131 137 150 195 197]
13



[ 30  32  61  71  88  89  90  94 136 164 192 197]
12



[  7  18  32  47  55  64  85  90  99 116 168 176]
12



[ 22  42  52  61  77  89 114 157 162 181 192]
11



[  5   9  21  22  39  45  54  61  64  71  84  91 102 180 199]
15



[  0  10  27  30  32  47  64  71  89  92 115 153 197]
13



[  7  18  64  80  85  90  93 109 137 144 182 190]
12



[ 22  32  52  67  71  88  89  94  95  97 120 155 192]
13



[  7  32  52  61  72  79  88  89  90  94 155 174]
12



[  9  18  23  52  61  68  71  79  84  89  91  96 102 142 188]
15



[ 32  48  50  51 113 115 153 155 159 164 197]
11



[ 18  61  68  79  90  98 107 142 144 159 174 184 197 199]
14



[  5  27  30  32  54  64  67  73  80  89  99 184]
12



[  9  24  45  68  83  84  91  98 100 140 142 188]
12



[ 30  41  61  64  90  94 101 107 138 174 184 197]
12



[  5   9  21  22  23  39  52  61  71  84  89  91  94 102 188]
15



[  0  27  55  59  97 103 131 145 147 161 165 197]
12



[  3  18  37  64  70  78  90 140 154 167 195]
11



[  6  16  45  64  71  84  85 105 167 182 190 195]
12



[ 15  22  23  30  36  42  48  54  89 106 153]
11



[ 17  40  61  64  85  90  98 107 131 150 174 195 199]
13



[ 10  25  39  64  84  91 106 112 125 144 182]
11



[  8  30  52  64  84  89 106 109 124 136 153 162]
12



[  6   8  15  16  41  59  72  77 110 119 127 130 137 138 179 182]
16



[ 41  50  59  70  72  89  94 111 120 130 138 153 183 197]
14



[  4   7  18  23  24  47  51  68  71  85  90 107 112 119 142]
15



[ 18  29  51  68  78  90  98 113 140 142 188 197]
12



[  2   7   9  10  32  39  52  89  94 114 153 168 192]
13



[  0  12  23  30  39  60 128 140 159 182 186 195]
12



[  5  21  33  39  54  61  64  70  90 116 137 164 180 199]
14



[  2  14  26  71  77  85  88 118 123 127 142 174]
12



[  1   6  22  55  61  91  95 107 116 118 131 142 154]
13



[ 22  48  50  51  74  78 113 118 153 155 157 169 197]
13



[ 29  32  41  55  90  95 128 140 150 161 187 197]
12



[  5   9  32  39  44  54  64  70  89  94 121 136 153]
13



[  8  10  30  32  46  52  72  76  89 122 123 187 192]
13



[  2   5  21  30  32  39  52  71  88  89  94  97 123 136 164]
15



[ 19  23  29  38  52  71  75  78  89  90 124 136 188 192]
14



[  8  10  15  32  41  72  90  95 114 125 147 197]
12



[  4  23  24  26  38  46  54  90 122 158 192 195 199]
13



[  1   6   8  16  41  59  72  77 107 110 119 127 130 132]
14



[ 30  32  61  64  71  90  94 128 131 164 191 197]
12



[  8  27  36  54  63  64  67 102 129 138 148 149 153 190]
14



[  8  15  16  41  59  77  89  97 119 130 137 138 149 150 197]
15



[  7  32  40  41  55  61  64  85  90 107 116 131 150 168]
14



[ 18  32  34  61  64  68  79  97  98 107 132 144 197 199]
14



[  6  16  61  77  84  85  89 119 122 123 138 150 167 195]
14



[  7  19  23  42  47  57  68  89  90 112 134 142 154 187]
14



[  0  23  39  61  70  90 135 158 182 188 192 195]
12



[ 40  61  90  94 101 114 116 118 131 150 165 199]
12



[ 16  46  61  72  77  85  86  89 119 123 137 138 168 195]
14



[ 36  41  59  72  94 103 138 155 174 197]
10



[  7  24  32  39  64  71  90  94 112 116 139 182]
12



[  6   9  10  45  52  61  64  71  79  84 140 195 199]
13



[ 38  43  59  64  71 115 136 137 141 145 150 197]
12



[  9  18  23  47  52  61  68  71  84  89 136 142 180 188]
14



[  9  21  24  29  31  45  54  55  62 142 143 180]
12



[  1  34  61  63  68  89  95 140 142 150 187 197]
12



[  0  10  27  38  59  64  71  79  89 140 145 153 197]
13



[  6  39  61  84  85  91  98 142 144 146 166 167 184 199]
14



[ 15  32  70  90  94 144 147 159 161 192 197 199]
12



[ 18  55  61  88  89  90 118 137 142 148 165 197]
12



[ 15  16  41  59  70  77  89  97 119 130 137 138 149 197]
14



[  1  16  32  61  64  68  71  89  97 140 150 197]
12



[  8  30  32  67  88  89  90 136 151 159 164 192 197]
13



[ 18  32  61  85  90 114 116 118 152 164 180 184 199]
13



[  1  20  38  55  64  80 105 106 137 141 145 172]
12



[  5   6   9  18  22  45  61  64  71  84  91 154 180 199]
14



[ 15  41  61  70  77  89  97 120 137 155 157 192 197]
13



[  2  17  30  32  39  90  94 131 156 159 161 192]
12



[ 12  41  59  64  79 101 153 164 177 179 181 197]
12



[ 15  23  39  54  61  70  89  90  94 119 158 188 192]
13



[ 32  48  59  61  79  89  94 120 155 164 174 197]
12



[  5   8  15  16  27  44  45  54  72 106 119 160 175]
13



[ 15  32  40  41  61  70  72  89  90  94  95 114 161 192]
14



[  8  30  72  89 114 122 130 149 153 162 173 192 197]
13



[ 14  27  36  54  70  72  91 106 138 153 163 173]
12



[  1  32  43  52  61  68  71  89  97 120 136 150 164]
13



[ 32  41  55  61  89  90  94  95 114 150 161 165 197]
13



[  0  15  22  32  61  70  89  94  97 166 188 192 197]
13



[  6  18  30  47  52  61  64  71  84  89 136 167 171 195]
14



[  0   7  16  30  61  64  72  85 131 149 168 182]
12



[ 22  25  71  78  94 118 123 145 153 169 191 194 197]
13



[  9  18  41  54  61  64  68  70  84  89  91 140 170]
13



[ 17  18  19  30  41  54  61  89  90 158 161 171 195]
13



[ 38  41  61  64  72  79  89 171 172 174 183 195 197]
13



[  8  16  46  77  89 112 115 119 130 137 148 149 150]
13



[  6  18  45  61  64  79  84  85  91  98 131 174 199]
13



[  8  16  30  46  72  89 106 122 123 138 160 173 174 175]
14



[  5  21  32  33  39  54  61  64  70  90 116 164 176 180 199]
15



[  0  10  25  38  64  71  78 140 145 153 177 194 197]
13



[ 16  61  89 122 123 138 150 159 173 174 178 197]
12



[  6   8  15  18  41  54  77 110 116 119 130 137 138 179]
14



[  5  26  32  61  64  65  71  85  90 116 128 134 164 180]
14



[  8  10  32  41  50  59  89 114 151 153 164 181 197]
13



[  0   7  30  32  39  61  85  90 128 131 168 182 192]
13



[  1  30  38  41  61  64  72  89  90 171 174 183 195 197]
14



[  5  18  32  61  64  79  85  89  90 164 174 184]
12



[  9  18  23  47  84  89  91  96 118 142 154 185 188]
13



[ 22  28  39  71  88  89  94  95  97 142 155 186 192]
13



[  7  17  32  40  41  55  61  64  72  85  90 107 131 168]
14



[  9  18  23  52  61  68  71  84  89 102 119 136 142 188]
14



[  6  18  45  61  71  84  85 119 133 157 182 189 195]
13



[  3   6  16  24  37  54  63  64  84 117 138 140 144 190]
14



[  0  30  32  40  46  61  72  85  90 122 131 135 182 191 192]
15



[  0  10  15  19  30  32  39  52  61  89  90  94 158 192]
14



[ 16  61  77  85  86 119 123 137 142 150 193 195]
12



[ 25  34  64  71  79  90  94 101 107 194 197 199]
12



[  9  11  13  54  67  71  89 102 119 127 136 142 195]
13



[  7  32  40  55  61  90 114 131 134 152 154 196]
12



[  7  32  52  55  61  76  86  88  90 140 152 187 196]
13



[  8  10  41  77  89  97 114 119 130 149 192 197 198]
13



[  2   4   5  15  25  38  39  54  70  90 161 199]
12



[ 0  5 32 52 59 61 64 71 79 89 94 97]
12



[  1  38  59  61  63  64  71 107 131 141 150 174 197]
13



[  0   2  10  22  30  32  39  52  71  89  94 123 153 192]
14



[  3  65  78  84  94 118 123 138 144 153 156 169 185]
13



[  2   7  10  19  42  52  77  89 112 114 119 134]
12



[ 5  9 21 22 32 39 54 61 64 70 84 89 94]
13



[  6  18  41  45  61  64  79  84  85  91  97 131 199]
13



[  7  19  30  32  39  52  61  88  89  90  94 136 187 192]
14



[ 32  43  50  52  53  59 115 120 153 155 164]
11



[  0   2  59  72  79  94 111 117 161 182 184]
11



[ 10  15  30  32  41  61  72  89  90  94 114 184 197]
13



[ 11  15  59  72  91  94 117 119 127 130 137 138]
12



[  1  12  16  51  64  71  78  84 140 150 177 195]
12



[  9  11  13  34  39  61  64  71  89  94 121 136 149]
13



[  2  14  27  39  54  70  78 106 133 153 163 192]
12



[ 12  23  39  42  51  78 128 140 157 182 195]
11



[  0  10  16  32  59  61  64  71  89  97 140 150 197]
13



[ 17  30  38  41  54  61  64  72  89  90 136 171 195]
13



[  4  19  23  24  26  46  54  74  90 117 158 180 199]
13



[ 19  23  39  42  52  61  89  90 119 136 142 158 188 192 195]
15



[  0   5  22  25  26  64  94 128 129 145 191]
11



[ 0  5 21 22 30 32 39 52 61 64 71 84 89 94 97]
15



[  5   9  21  22  23  54  61  71  84  89  91  94 102 118 188]
15



[ 19  23  39  42  54  61  89  90 119 136 142 158 188 192 195]
15



[  0  19  20  26  37  38  46  87  90 100 128 158 193 195]
14



[  5   9  21  22  25  39  52  61  64  71  84  91  94 102 199]
15



[ 20  26  54  55  64  70  99 116 121 139 195]
11



[  2   9  22  32  39  65  70  84  89 106 114 153 155]
13



[  2  21  22  28  34  71  89  94  97 118 123 137 142]
13



[  0  23  29  38  51  71  78  90 104 128 140 188 195 197]
14



[  0  10  15  30  32  46  52  61  72  76  89  90 122 192]
14



[ 10  16  24  31  54  64  68  72 125 144 170]
11



[  2   5  15  27  30  32  39  54  89 159 161 175 184]
13



[  5  21  33  39  54  61  64  70  90 116 136 137 164 180]
14



[ 32  34  61  64  90  94  98 107 144 150 174 197 199]
13



[  8  10  15  32  35  41  89 111 130 153 158 192 197]
13



[  0  22  36  55  59  61  70  72  89  94 166 183 197]
13



[  3  18  37  41  45  54  64  70  78  84 138 140 195]
13



[  0  30  38  61  64  71  89  90 104 140 171 195 197]
13



[  0  10  15  19  30  32  39  52  61  71  89  90  94 192]
14



[ 32  40  54  57  61  72  89  90  94 114 161 165 192]
13



[ 15  16  41  54  61  70  72  77  89 119 134 137 138]
13



[  9  19  23  39  42  54  61  89 119 136 142 158 188 192 195]
15



[  1  32  43  61  64  68  71  89  90 136 150 164 197]
13



[  5   9  15  23  39  44  54  61  70  89  91  94 102 119 158 188]
16



[  6   9  18  45  52  61  64  68  71  79  84  91 140 199]
14



[ 21  24  29  32  46  51  55  57  90 161 175 180]
12



[  7  18  32  47  52  61  64  68  71  89  90 136 180]
13



[  5  30  32  43  46  61  71  85  89  90 118 122 164 174]
14



[  7  40  49  61  64  85  90 101 107 116 138 150 167 168]
14



[  8  10  36  50  59  72  77  81  89 114 130 153 197]
13



[  7  18  24  32  47  51  64  68  71  85  90 107 112]
13



[  5   9  21  22  32  39  52  61  64  71  84  89  94 174]
14



[  0  10  16  32  53  59  61  64  79  97 140 177 197]
13



[  9  42  44  54  55  61  84  89  94 102 114 118 155]
13



[  5  32  40  55  61  64  65  70  72  89  90 134 154 180 187]
15



[  5  16  46  56  61  72  77  85  89 134 137 173 180]
13



[  0   7  16  32  47  51  55  64  85 127 128 150]
12



[  2   7   9  10  39  52  58  71  94 119 182 189 192]
13



[ 10  16  32  41  59  61  64  79  89  97 111 164 181 197]
14



[  0   5  15  21  32  39  60  61  70  90  94 159 166 182]
14



[  0  15  61  70  76  89  90 137 155 157 158 192 197]
13



[  1   6  16  59  61  62  63  64  71  97 107 131 150]
13



[  1   6  61  63  68  84  97  98 140 142 144 171]
12



[  1  16  37  41  45  61  62  64  97 101 107 132]
12



[  1  32  61  64  65  68  72  90  98 107 140 144 197]
13



[ 18  32  35  66  70 114 130 147 159 164 197 199]
12



[  2  15  27  32  44  54  67  70  89 106 114 153 159]
13



[  9  18  52  61  68  71  79  84  89  91 102 119 142 174 188]
15



[  8  46  54  57  69  89  90 119 134 136 137 138 195]
13



[ 39  41  54  70  78  89  94 137 149 153 155 164 192]
13



[  9  18  23  52  61  68  71  79  84  89  91 102 119 142 188]
15



[  7  24  32  47  49  64  68  72  85  90 180]
11



[  6   9  10  39  54  64  71  73  89  91 140 194]
12



[ 50  74  78  90 108 113 117 138 140 165 197 199]
12



[ 12  18  45  52  64  71  73  75  78 140 170 194 195]
13



[ 30  32  61  76  88  89  90 122 151 166 187 192 197]
13



[  8  15  16  46  59  72  77  89 119 130 137 138 149]
13



[  0  23  29  38  71  78  89  90 104 140 188 195 197]
13



[  7  16  32  52  61  64  68  71  79  84  89 132 174]
13



[ 14  27  45  54  62  70 133 143 148 153 169 176]
12



[  8  50  72  77  81  89 123 130 137 138 162 165 173 197]
14



[  5   9  21  22  39  52  61  64  71  82  89  91  94 102 174]
15



[  1   6  16  27  55  63  64  84  98 117 140 190]
12



[  5   9  22  23  39  52  61  84  89  91 102 158 180 188]
14



[  0   5  21  30  52  61  64  71  90  94 101 174]
12



[ 30  40  46  61  72  76  86  89  90 124 138 168 173]
13



[  1  38  41  55  61  64  87  90 131 137 150 195 197]
13



[ 30  32  61  71  88  89  90  94 136 164 192 197]
12



[  7  18  32  47  55  64  85  90  99 116 168 176]
12



[ 22  42  52  61  77  89 114 157 162 181 192]
11



[  5   9  21  22  39  45  54  61  64  71  84  91 102 180 199]
15



[  0  10  27  30  32  47  64  71  89  92 115 153 197]
13



[  7  18  64  80  85  90  93 109 137 144 182 190]
12



[ 22  32  52  67  71  88  89  94  95  97 120 155 192]
13



[  7  32  52  61  72  79  88  89  90  94 155 174]
12



[  9  18  23  52  61  68  71  79  84  89  91  96 102 142 188]
15



[ 32  48  50  51 113 115 153 155 159 164 197]
11



[ 18  61  68  79  90  98 107 142 144 159 174 184 197 199]
14



[  5  27  30  32  54  64  67  73  80  89  99 184]
12



[  9  24  45  68  83  84  91  98 100 140 142 188]
12



[ 30  41  61  64  90  94 101 107 138 174 184 197]
12



[  5   9  21  22  23  39  52  61  71  84  89  91  94 102 188]
15



[  0  27  55  59  97 103 131 145 147 161 165 197]
12



[  3  18  37  64  70  78  90 140 154 167 195]
11



[  6  16  45  64  71  84  85 105 167 182 190 195]
12



[ 15  22  23  30  36  42  48  54  89 106 153]
11



[ 17  40  61  64  85  90  98 107 131 150 174 195 199]
13



[ 10  25  39  64  84  91 106 112 125 144 182]
11



[  8  30  52  64  84  89 106 109 124 136 153 162]
12



[  6   8  15  16  41  59  72  77 110 119 127 130 137 138 179 182]
16



[ 41  50  59  70  72  89  94 111 120 130 138 153 183 197]
14



[  4   7  18  23  24  47  51  68  71  85  90 107 112 119 142]
15



[ 18  29  51  68  78  90  98 113 140 142 188 197]
12



[  2   7   9  10  32  39  52  89  94 114 153 168 192]
13



[  0  12  23  30  39  60 128 140 159 182 186 195]
12



[  5  21  33  39  54  61  64  70  90 116 137 164 180 199]
14



[  2  14  26  71  77  85  88 118 123 127 142 174]
12



[  1   6  22  55  61  91  95 107 116 118 131 142 154]
13



[ 22  48  50  51  74  78 113 118 153 155 157 169 197]
13



[ 29  32  41  55  90  95 128 140 150 161 187 197]
12



[  5   9  32  39  44  54  64  70  89  94 121 136 153]
13



[  8  10  30  32  46  52  72  76  89 122 123 187 192]
13



[  2   5  21  30  32  39  52  71  88  89  94  97 123 136 164]
15



[ 19  23  29  38  52  71  75  78  89  90 124 136 188 192]
14



[  8  10  15  32  41  72  90  95 114 125 147 197]
12



[  4  23  24  26  38  46  54  90 122 158 192 195 199]
13



[  1   6   8  16  41  59  72  77 107 110 119 127 130 132]
14



[ 30  32  61  64  71  90  94 128 131 164 191 197]
12



[  8  27  36  54  63  64  67 102 129 138 148 149 153 190]
14



[  8  15  16  41  59  77  89  97 119 130 137 138 149 150 197]
15



[  7  32  40  41  55  61  64  85  90 107 116 131 150 168]
14



[ 18  32  34  61  64  68  79  97  98 107 132 144 197 199]
14



[  6  16  61  77  84  85  89 119 122 123 138 150 167 195]
14



[  7  19  23  42  47  57  68  89  90 112 134 142 154 187]
14



[  0  23  39  61  70  90 135 158 182 188 192 195]
12



[ 40  61  90  94 101 114 116 118 131 150 165 199]
12



[ 16  46  61  72  77  85  86  89 119 123 137 138 168 195]
14



[ 36  41  59  72  94 103 138 155 174 197]
10



[  7  24  32  39  64  71  90  94 112 116 139 182]
12



[  6   9  10  45  52  61  64  71  79  84 140 195 199]
13



[ 38  43  59  64  71 115 136 137 141 145 150 197]
12



[  9  18  23  47  52  61  68  71  84  89 136 142 180 188]
14



[  9  21  24  29  31  45  54  55  62 142 143 180]
12



[  1  34  61  63  68  89  95 140 142 150 187 197]
12



[  0  10  27  38  59  64  71  79  89 140 145 153 197]
13



[  6  39  61  84  85  91  98 142 144 146 166 167 184 199]
14



[ 15  32  70  90  94 144 147 159 161 192 197 199]
12



[ 18  55  61  88  89  90 118 137 142 148 165 197]
12



[ 15  16  41  59  70  77  89  97 119 130 137 138 149 197]
14



[  1  16  32  61  64  68  71  89  97 140 150 197]
12



[  8  30  32  67  88  89  90 136 151 159 164 192 197]
13



[ 18  32  61  85  90 114 116 118 152 164 180 184 199]
13



[  1  20  38  55  64  80 105 106 137 141 145 172]
12



[  5   6   9  18  22  45  61  64  71  84  91 154 180 199]
14



[ 15  41  61  70  77  89  97 120 137 155 157 192 197]
13



[  2  17  30  32  39  90  94 131 156 159 161 192]
12



[ 12  41  59  64  79 101 153 164 177 179 181 197]
12



[ 15  23  39  54  61  70  89  90  94 119 158 188 192]
13



[ 32  48  59  61  79  89  94 120 155 164 174 197]
12



[  5   8  15  16  27  44  45  54  72 106 119 160 175]
13



[ 15  32  40  41  61  70  72  89  90  94  95 114 161 192]
14



[  8  30  72  89 114 122 130 149 153 162 173 192 197]
13



[ 14  27  36  54  70  72  91 106 138 153 163 173]
12



[  1  32  43  52  61  68  71  89  97 120 136 150 164]
13



[ 32  41  55  61  89  90  94  95 114 150 161 165 197]
13



[  0  15  22  32  61  70  89  94  97 166 188 192 197]
13



[  6  18  30  47  52  61  64  71  84  89 136 167 171 195]
14



[  0   7  16  30  61  64  72  85 131 149 168 182]
12



[ 22  25  71  78  94 118 123 145 153 169 191 194 197]
13



[  9  18  41  54  61  64  68  70  84  89  91 140 170]
13



[ 17  18  19  30  41  54  61  89  90 158 161 171 195]
13



[ 38  41  61  64  72  79  89 171 172 174 183 195 197]
13



[  8  16  46  77  89 112 115 119 130 137 148 149 150]
13



[  6  18  45  61  64  79  84  85  91  98 131 174 199]
13



[  8  16  30  46  72  89 106 122 123 138 160 173 174 175]
14



[  5  21  32  33  39  54  61  64  70  90 116 164 176 180 199]
15



[  0  10  25  38  64  71  78 140 145 153 177 194 197]
13



[ 16  61  89 122 123 138 150 159 173 174 178 197]
12



[  6   8  15  18  41  54  77 110 116 119 130 137 138 179]
14



[  5  26  32  61  64  65  71  85  90 116 128 134 164 180]
14



[  8  10  32  41  50  59  89 114 151 153 164 181 197]
13



[  0   7  30  32  39  61  85  90 128 131 168 182 192]
13



[  1  30  38  41  61  64  72  89  90 171 174 183 195 197]
14



[  5  18  32  61  64  79  85  89  90 164 174 184]
12



[  9  18  23  47  84  89  91  96 118 142 154 185 188]
13



[ 22  28  39  71  88  89  94  95  97 142 155 186 192]
13



[  7  17  32  40  41  55  61  64  72  85  90 107 131 168]
14



[  9  18  23  52  61  68  71  84  89 102 119 136 142 188]
14



[  6  18  45  61  71  84  85 119 133 157 182 189 195]
13



[  3   6  16  24  37  54  63  64  84 117 138 140 144 190]
14



[  0  30  32  40  46  61  72  85  90 122 131 135 182 191 192]
15



[  0  10  15  19  30  32  39  52  61  89  90  94 158 192]
14



[ 16  61  77  85  86 119 123 137 142 150 193 195]
12



[ 25  34  64  71  79  90  94 101 107 194 197 199]
12



[  9  11  13  54  67  71  89 102 119 127 136 142 195]
13



[  7  32  40  55  61  90 114 131 134 152 154 196]
12



[  7  32  52  55  61  76  86  88  90 140 152 187 196]
13



[  8  10  41  77  89  97 114 119 130 149 192 197 198]
13



[  2   4   5  15  25  38  39  54  70  90 161 199]
12

