

[  0   9  21  60  93 105 160 185]
8



[ 22  48  60  93 108 109 116 131 146 184]
10



[  2  31 115 118 119 140 163 178 196]
9



[  3   9  47  87 117 157 175 176 179]
9



[  4  21  52  53  72 128 130 147 188]
9



[  5   7   9  47  70  87  90  93 130 147]
10



[  6  37  40  93 105 115 138 156 162]
9



[  7  22  36  48  60  86  89 101 107 138]
10



[  8  22  56  68 110 117 130 133 199]
9



[  9  40  47  87  93 130 133 147 199]
9



[ 10  75  83 101 160 164 177 199]
8



[ 11  27  31  72  83 108 145 150 169]
9



[ 12  36  48  60  81  86  89 101 112 149]
10



[  9  13  42  53  69 106 117 169 197]
9



[  3  14  56  86 112 157 158 178 188]
9



[ 15  23  30  44  48  72  74 108 122]
9



[  5  16  47  56  70  87 172 176 179]
9



[ 17  69  86 105 149 158 188 196]
8



[ 13  18  42  57  68  69 116 117 151 169]
10



[ 14  19  48  86 107 109 112 178 196]
9



[  8  14  20  27 163 169 176 199]
8



[  5   9  21  87  93 119 130 156 196]
9



[  7  22  35  41  48  55  62 153 162]
9



[  9  23  34  53  91 143 154 180 181]
9



[ 23  24  27  83 102 107 121 165 177]
9



[ 14  25  45  60 105 158 160 184 196]
9



[  8  21  26  31  68  69  85 120 157]
9



[ 27  60  67  72  86 108 137 138 150]
9



[ 28  31  35  57  69 124 166 177 195]
9



[ 35  83  84  89 101 117 149 162 175 182 199]
11



[  9  30  49  50  72  93 108 155 181]
9



[  9  31  40  48  91 102 107 133 140 199]
10



[  5  14  32  36  56  86 135 196]
8



[ 33  37  40 128 160 169 170 182 193]
9



[ 34  67  74  89 124 149 166 180 184]
9



[ 35  83  84  89 101 117 149 162 175 182 199]
11



[ 36  48  57  60  93 104 108 116 146]
9



[  9  37  48  72  93 108 133 138 181 185]
10



[ 27  37  38  46  86 111 115 138 188]
9



[ 15  22  30  39  47  48  57  58 184]
9



[  9  31  40  48  68  69  91 133 199]
9



[  7  22  35  41  47  48  62  84 162]
9



[  5   9  13  42  66 117 145 175 180 186]
10



[ 22  43  45  57  60  80 108 116 146 184]
10



[ 15  44  48  67  72  85 108 133 185]
9



[ 14  45  60 105 149 158 160 184 185]
9



[  3   9  38  40  46  49  50 165]
8



[  5   9  47  70  87  90  93 130 147 156]
10



[  9  37  48  72  93 108 133 138 181 185]
10



[  9  34  49  50  51  59 143 179]
8



[ 27  30  49  50  72  93 108 155 181]
9



[  9  40  46  50  51  59  99 111 143]
9



[ 18  25  33  40  52 110 158 160 171]
9



[  9  13  40  53  69 130 133 184 197]
9



[ 35  54  83  89 111 131 160 184 193 199]
10



[ 15  22  31  48  55  85 108 133 153]
9



[ 21  56  68  90  93 130 147 180 199]
9



[ 36  43  57  93 114 146 180 195]
8



[ 13  33  42  57  58  68 117 151 169 180]
10



[  9  34  46  48  59  82 143 184]
8



[  7  22  36  48  60  86  89 101 107 138]
10



[ 24  27  30  46  49  50  61  72 155 181]
10



[  9  40  47  48  62  70  87 119 143 156]
10



[  9  40  47  48  62  70  87 119 143 156]
10



[ 40  63  64  67  70 114 133 146]
8



[ 43  65  82 104 108 120 143 161 184]
9



[  1  34  48  58  59  66 177 185]
8



[ 43  60  80 104 108 109 116 146 151 184]
10



[  8  13  68  69 106 117 169 191 197]
9



[  9  40  69 132 160 184 196 197]
8



[  9  40  47  48  62  70  87  93 119 156]
10



[ 10  34  52  71  73 131 157 160 184]
9



[ 27  37  48  72  93 108 138 181 185]
9



[ 10  23  71  75 157 160 164 168 171]
9



[ 15  44  48  67  74  95 108 146 180]
9



[ 43  75  78 101 121 155 165 182 198]
9



[ 11  62  72  76 128 150 169 171 181]
9



[  5   7   9  21  77  90  93 130 180]
9



[ 14  30  43  72  75  78 155 178 182]
9



[ 45  68  69  79 149 153 182 185]
8



[ 11  18  35  43  57  68  80 116 117 151]
10



[ 36  48  60  81  86  89 101 107 112 138]
10



[ 15  23  27  30  48  72  82 108 122]
9



[ 83  89 101 107 111 131 160 182 193 199]
10



[ 35  83  84  89 101 117 149 162 175 182 199]
11



[ 22  31  48  55  85 133 138 153 174]
9



[ 56  86  90 107 112 138 158 164 178]
9



[  5   9  47  62  70  87  90  93 147 156]
10



[ 45  69  88 105 116 135 157 160]
8



[ 83  89 101 107 111 131 160 182 193 199]
10



[  8  21  22  55  56  90 120 137 162]
9



[  9  48  77  91  93 180 181 199]
8



[ 40  92  99 105 116 165 166 184]
8



[  7  27  36  48  60  86  93 108 138]
9



[  9  21  40  69  94 119 130 156 196]
9



[ 36  56  87  95 112 128 143 156 178 196]
10



[  5  36  44  96 108 131 146 160 180]
9



[ 14  21  28  43  57  97 114 124 142]
9



[  7  22  36  48  60  86  89 101 107 138]
10



[  9  40  47  53  99 143 179 184 199]
9



[ 28  34  46  51  99 100 143 166]
8



[ 35  83  89 101 111 131 160 182 193 199]
10



[ 40  48  91 102 107 133 140 146 194 199]
10



[  3   9  44  93 103 117 154 157 180]
9



[ 43  60  80 104 108 109 116 146 151 184]
10



[  9  45  69 105 135 158 160 196]
8



[  9  13  42  66  68 106 117 145 180]
9



[ 60  83  89 107 111 131 158 160 196]
9



[  9  37  48  72  93 108 133 138 181 185]
10



[ 22  48  60  93 108 109 116 131 146 184]
10



[  9  34  37  38  46 110 155 158]
8



[ 37  48  69 111 133 164 177 185 199]
9



[ 14  36  48  60  86 107 112 178 196]
9



[ 37  43  50 108 113 120 155 177 179]
9



[ 35  40  70  93 114 146 160 170 172]
9



[ 33  40  58  70  93 114 115 129 160 170]
10



[ 43  60  80 104 108 109 116 146 151 184]
10



[  9  35  68  69 117 151 169 185 199]
9



[  2  15  28  31  51 114 118 140 141]
9



[  9  40  47  48  62  70  87  93 119 156]
10



[ 31  37  43 108 113 120 150 177 179]
9



[ 23  24  27  83 102 108 121 150 177]
9



[ 44  48  55  59  85 108 122 131 180]
9



[ 69  86 103 115 123 135 157 188]
8



[ 43  57  60  93 104 108 116 124 151 184]
10



[ 23  24  27 107 111 121 125 165 177]
9



[  8  56 117 126 163 169 176 193 199]
9



[  8  12  21  56  90 127 130 147 188]
9



[ 40  53  62 119 128 132 156 170 194]
9



[  8  31  45  69  85  88 129 191]
8



[  9  40  91  93 130 133 147 181 199]
9



[  7  22  36  48  60  86  89 101 107 131]
10



[  9  40  53  62  87  94 119 132 156]
9



[  9  37  48  72  93 108 133 138 181 185]
10



[  7   9  21  70  87  93 119 130 134]
9



[ 45  69  88 105 116 135 157 160]
8



[  6   9  30  40  46  68  75 136 169]
9



[ 27  60  72  82  83  86 108 137 147]
9



[  7  27  36  37  48  86  93 108 138]
9



[ 45  62  79 105 107 135 158 160 171]
9



[  9  31  39  40  48  69  91 133 140]
9



[ 11  27  46  50  72  82 111 113 141]
9



[ 21  57  69  97 114 124 136 142 160]
9



[  9  36  37  40  48  93 108 138 181]
9



[ 23  44  48  64  72  74 122 144]
8



[  9  13  53 106 145 150 152 180 186]
9



[ 22  48  60  93 108 109 116 131 146 184]
10



[  5  21  56  70  87  90  93 130 147 156]
10



[ 36  40  48  63 108 143 146 148]
8



[ 14  45  60 105 149 158 160 184 185]
9



[ 11  27  72 108 138 145 150 171 181]
9



[ 43  57  60  93 104 108 116 146 151 184]
10



[  9  13  53  69 106 150 152 169 197]
9



[ 15  21  22  31  48  55  85 153 174]
9



[  9  30  72  93  99 117 151 154 181 185]
10



[ 14  30  43  72  75  78 155 178 182]
9



[  9  40  47  48  62  70  87 119 143 156]
10



[  3   9  23  49  68  69 117 157 179]
9



[ 17  69 105 149 158 160 184 185]
8



[ 37  38  46  86 111 113 158 159 164 188]
10



[ 35  69  99 111 142 146 184 185 199]
9



[ 56  57  65 102 108 128 133 146 161]
9



[ 22  35  48  62  84  89 162 194 199]
9



[  8  14  20 126 163 169 176 193 199]
9



[ 75 101 102 160 164 167 169 170 199]
9



[ 14  23  43  64  75  84 165 178 182]
9



[ 22  45  60  80 108 109 116 146 166 184]
10



[ 60  83  89 101 107 111 131 160 167 182]
10



[ 14  56  68  81  86 112 128 168 169]
9



[  8  13  68  69 106 117 169 191 197]
9



[ 33  37  40  70 128 160 169 170 193]
9



[  6  23  84 117 144 165 171 178 182]
9



[  5   7   9  21  70  87  90  93 160 172]
10



[ 56  91 117 126 130 163 173 199]
8



[ 15  31  44  48  55  85 122 131 174]
9



[  3   5  42  47  56 117 175 176 180]
9



[  3   5  47  56  87 117 175 176 179]
9



[ 83  89 101 107 111 131 160 182 193 199]
10



[ 45  48  60  87 107 112 171 178 197]
9



[  9  13  53  69  99 117 140 179 185]
9



[  3   5   9  36  44  93 114 175 180]
9



[  9  37  48  72  93 108 133 138 181 185]
10



[ 35  83  84  89 101 117 149 162 175 182 199]
11



[  4  10  38 115 141 162 170 173 183]
9



[ 22  48  60  93 108 109 116 131 146 184]
10



[ 48  69 111 133 140 146 148 185 199]
9



[  5   9  13  42  66 117 145 175 180 186]
10



[ 18  64  67  95 137 147 181 182 187]
9



[ 14  56  86 112 158 169 178 188 196]
9



[ 24  45  56  88 144 162 163 189 191]
9



[ 35  69 101 117 126 151 169 190 193 199]
10



[ 31  68  69 106 149 150 169 191 196 197]
10



[ 10  22  31  68 130 133 192 199]
8



[ 35  69 101 117 126 151 169 190 193 199]
10



[ 40  48  91 102 107 133 140 146 194 199]
10



[ 35  83  84  89 101 117 149 162 175 182 199]
11



[  9  36  48  60  87 107 156 178 196 197]
10



[  9  13  40  48  68  69 132 133 184 197]
10



[ 17  19 112 128 156 178 196 197 198]
9



[ 35  83  84  89 101 117 149 162 175 182 199]
11

