

[  0   9  60  93 105 160 184 197]
8



[ 43  60  80 104 108 109 116 146 151 184]
10



[  2  31 115 118 119 140 163 178 196]
9



[  5   9  42  59 114 145 168 175 180 186]
10



[  5   9  47  70  87  90  93 130 147 156]
10



[  5   9  47  70  87  90  93 130 147 156]
10



[  6  37  40 105 115 138 156 162]
8



[  7  22  36  48  60  86  89 101 107 138]
10



[  8  56  83 102 126 130 133 147 199]
9



[  5   9  47  70  87  90  93 130 147 156]
10



[ 35  83  89 101 111 131 160 182 193 199]
10



[ 11  27  31  72  83 150 169]
7



[  7  22  36  48  60  86  89 101 107 138]
10



[  9  13  40  68  69 132 133 184 197]
9



[  3  14  56  86 112 157 158 178 188]
9



[ 15  48  55  67  85 108 133 153 185]
9



[  3   5  47  56  87 172 175 176 179]
9



[ 14  25  45  60 105 158 160 184 185]
9



[ 18  35  57  68  80 116 117 151 169]
9



[  1  27  45  48  60  82 109 112 178 197]
10



[  8  56 117 126 163 169 176 193 199]
9



[  5   9  47  70  87  90  93 130 147 156]
10



[ 43  60  80 104 108 109 116 146 151 184]
10



[  9  23  34  53  77  91 154 180 181]
9



[ 35  83  84  89 101 117 149 162 175 182 199]
11



[ 14  25  45  60 105 158 160 184 185]
9



[ 24  26  27  61 102 107 121 125 165 177]
10



[  7  22  36  48  60  86  89 101 107 138]
10



[ 18  28  31  35  57  69 124 177 195]
9



[ 35  83  84  89 101 117 149 162 175 182 199]
11



[ 24  27  30  49  50  61  72 155 181]
9



[  3   9  31  39  40  69  91 133 140]
9



[ 14  56  57  68 112 128 168 169]
8



[ 33  40  58  70  93 114 115 129 160 170]
10



[ 34  67  74  89 149 165 166 180 184]
9



[ 35  83  84  89 101 117 149 162 175 182 199]
11



[  7  22  36  48  60  86  89 101 107 138]
10



[  9  37  72  93  99 117 151 181 185 199]
10



[ 37  38  46  86 111 113 158 159 164 188]
10



[ 22  30  39  47  48  57  58  93 184]
9



[  5   9  47  70  87  90  93 130 147 156]
10



[  7  22  35  41  47  48  62  84 162]
9



[  5   9  42  59 114 145 168 175 180 186]
10



[ 43  60  80 104 108 109 116 146 151 184]
10



[ 15  40  44  48  55  67 108 133 152]
9



[ 14  25  45  60 105 158 160 184 185]
9



[ 9 30 40 46 49 50 51 59 88]
9



[  5   9  47  70  87  90  93 130 147 156]
10



[  9  37  72  93  99 117 151 181 185 199]
10



[ 31  49  51  59  64 105 114 116 157]
9



[ 24  27  30  49  50  61  72 155 181]
9



[  9  34  46  50  51  65  82  99 143]
9



[ 12  52  71 110 157 158 160 171 188]
9



[  9  13  40  68  69 132 133 184 197]
9



[ 35  83  89 101 111 131 160 182 193 199]
10



[ 15  48  55  67  85 108 133 153 185]
9



[  9  37  72  93  99 117 151 181 185 199]
10



[ 43  60  80 104 108 109 116 146 151 184]
10



[ 13  33  42  57  58  68 117 145 169 180]
10



[  9  34  46  50  51  65  82  99 143]
9



[  7  22  36  48  60  86  89 101 107 138]
10



[ 24  27  30  49  50  61  72 155 181]
9



[  5   9  47  70  87  90  93 130 147 156]
10



[  5   9  47  70  87  90  93 130 147 156]
10



[  3   5  47  56  87 172 175 176 179]
9



[ 43  60  80 104 108 109 116 146 151 184]
10



[  1  34  58 129 149 160 170 179 185]
9



[ 43  60  80 104 108 109 116 146 151 184]
10



[ 31  68  69 106 149 150 169 191 196 197]
10



[  9  35  53  69  99 111 184 185 199]
9



[  5   9  47  70  87  90  93 130 147 156]
10



[ 34  71  73 131 157 158 160 180 184]
9



[  9  37  72  93  99 117 151 181 185 199]
10



[ 34  71  73 131 157 158 160 180 184]
9



[ 15  34  48  67  74  84 144 146 155 174]
10



[ 43  75  78  83 101 121 136 155 164 165]
10



[ 11  62  72  76 128 150 156 169 171]
9



[ 55  56  57  58  77  91 114 122 168 180]
10



[ 14  30  43  72  75  82 155 178 182]
9



[ 14  25  45  60 105 158 160 184 185]
9



[ 18  35  57  68  80 116 117 151 169]
9



[  7  22  36  48  60  86  89 101 107 138]
10



[  7  22  36  48  60  86  89 101 107 138]
10



[ 35  83  89 101 111 131 160 182 193 199]
10



[ 35  83  84  89 101 117 149 162 175 182 199]
11



[ 15  48  55  67  85 108 133 153 185]
9



[  7  22  36  48  60  86  89 101 107 138]
10



[  5   9  47  70  87  90  93 130 147 156]
10



[  9  21  31  49  59  69  88 105 157]
9



[ 35  83  89 101 111 131 160 182 193 199]
10



[  5   9  47  70  87  90  93 130 147 156]
10



[  9  37  72  93  99 117 151 181 185 199]
10



[ 40  46  59  69  99 116 124 166 184]
9



[  5   9  47  70  87  90  93 130 147 156]
10



[  9  21  40  53  69  94 119 130 156]
9



[ 36  56  87  95 112 128 143 156 178 196]
10



[  5  36  93 114 131 135 160 180 196]
9



[ 14  21  28  43  57  97 114 142 188]
9



[  7  22  36  48  60  86  89 101 107 138]
10



[  9  37  72  93  99 117 151 181 185 199]
10



[  9  34  46  50  51  65  82  99 143]
9



[ 35  83  89 101 111 131 160 182 193 199]
10



[  9  31  40  48  91 102 107 133 140 199]
10



[  3   9  44  93 103 117 154 157 180]
9



[ 43  60  80 104 108 109 116 146 151 184]
10



[  9  21  31  49  59  69  88 105 157]
9



[  5   9  42  59 114 145 168 175 180 186]
10



[ 35  83  89 101 111 131 160 182 193 199]
10



[ 36  48  60  93 104 108 138 146 148 185]
10



[ 43  60  80 104 108 109 116 146 151 184]
10



[  9  34  38  46  66 110 155 165 166]
9



[ 37  48  69 111 133 164 177 185 199]
9



[  3  14  56  86 112 157 158 178 188]
9



[ 30  43  50 108 109 113 155 179]
8



[ 33  40  58  70  93 114 115 129 160 170]
10



[  6  37  40 105 115 138 156 162]
8



[ 43  60  80 104 108 109 116 146 151 184]
10



[  9  13  40  68  69 132 133 184 197]
9



[  2  15  28  31  51 114 118 140 141]
9



[  5   9  47  70  87  90  93 130 147 156]
10



[ 31  37  43 108 113 120 150 177 179]
9



[ 35  83  84  89 101 117 149 162 175 182 199]
11



[ 15  44  48  55  82 108 122 131 180]
9



[ 59  69  86 105 123 157 178 188]
8



[ 43  60  80 104 108 109 116 146 151 184]
10



[ 35  83  84  89 101 117 149 162 175 182 199]
11



[  8  56  83 102 126 130 133 147 199]
9



[  8  12  21  56  90 127 130 147]
8



[  5   9  47  70  87  90  93 130 147 156]
10



[ 24  45  56  88 144 162 163 189 191]
9



[  9  37  72  93  99 117 151 181 185 199]
10



[  7  22  36  48  60  86  89 101 107 138]
10



[  9  21  40  53  69  94 119 130 156]
9



[  9  37  72  93  99 117 151 181 185 199]
10



[  5   9  47  70  87  90  93 130 147 156]
10



[  9  51  59  88 105 135 157 176]
8



[  6   9  30  40  46  68  75 136 169]
9



[  7  22  36  48  60  86  89 101 107 138]
10



[  7  22  36  48  60  86  89 101 107 138]
10



[ 14  45  62  79 105 107 135 158 160]
9



[  3   9  31  39  40  69  91 133 140]
9



[ 11  27  46  50  72  82 111 113 141]
9



[ 57  69  97 114 124 136 142 160 164]
9



[  5   9  47  70  87  90  93 130 147 156]
10



[ 15  34  48  67  74  84 144 146 155 174]
10



[  5   9  42  59 114 145 168 175 180 186]
10



[ 43  60  80 104 108 109 116 146 151 184]
10



[  5   9  47  70  87  90  93 130 147 156]
10



[ 36  48  60  93 104 108 138 146 148 185]
10



[ 14  25  45  60 105 158 160 184 185]
9



[  9  37  53  72  99 108 150 181 185]
9



[ 43  60  80 104 108 109 116 146 151 184]
10



[  9  69 130 150 152 169 196 197]
8



[ 14  15  21  31  43  85 119 153 174]
9



[  9  37  72  93  99 117 151 181 185 199]
10



[ 14  30  43  72  75  82 155 178 182]
9



[  5   9  47  70  87  90  93 130 147 156]
10



[  9  21  23  49  59  88 157 168 172]
9



[ 14  25  45  60 105 158 160 184 185]
9



[ 37  38  46  86 111 113 158 159 164 188]
10



[  9  35  53  69  99 111 184 185 199]
9



[ 56  57  65  91 102 108 133 146 161]
9



[ 22  35  55  62  89 162 182 194 199]
9



[  8  56 117 126 163 169 176 193 199]
9



[ 75 101 102 160 164 167 169 170 199]
9



[ 35  83  84  89 101 117 149 162 175 182 199]
11



[ 43  60  80 104 108 109 116 146 151 184]
10



[ 35  83  89 101 111 131 160 182 193 199]
10



[ 14  56  57  68 112 128 168 169]
8



[ 18  35  57  68  80 116 117 151 169]
9



[ 33  40  58  70  93 114 115 129 160 170]
10



[ 18  23  84 117 135 165 171 182 197]
9



[  3   5  47  56  87 172 175 176 179]
9



[  8  56 117 126 163 169 176 193 199]
9



[ 15  44  48  55  82 108 122 131 180]
9



[  5   9  42  59 114 145 168 175 180 186]
10



[  3   5  47  56  87 172 175 176 179]
9



[ 35  83  89 101 111 131 160 182 193 199]
10



[  1  27  45  48  60  82 109 112 178 197]
10



[  9  53  69  99 117 140 179 185 199]
9



[  5   9  42  59 114 145 168 175 180 186]
10



[  9  37  72  93  99 117 151 181 185 199]
10



[ 35  83  84  89 101 117 149 162 175 182 199]
11



[ 37  55  75 101 115 162 170 183 199]
9



[ 43  60  80 104 108 109 116 146 151 184]
10



[  9  35  53  69  99 111 184 185 199]
9



[  5   9  42  59 114 145 168 175 180 186]
10



[  4   5  36  57  95 114 142 146 170]
9



[ 14  56  57  68 112 128 168 169]
8



[ 24  45  56  88 144 162 163 189 191]
9



[ 35  69 101 117 126 151 160 169 193 199]
10



[ 31  68  69 106 149 150 169 191 196 197]
10



[ 31  68  69 106 149 150 169 191 196 197]
10



[ 35  69 101 117 126 151 160 169 193 199]
10



[ 22  48  84  89 101 102 107 146 194 199]
10



[ 35  83  84  89 101 117 149 162 175 182 199]
11



[ 36  48  60  87 107 112 156 178 196 197]
10



[  9  13  40  68  69 132 133 184 197]
9



[ 17  36 112 128 156 178 196 197 198]
9



[ 35  83  84  89 101 117 149 162 175 182 199]
11

