

[  0  10  15  32  43  46  52  59  71  89 115 122 150]
13



[  0   7  59  64  71  94 101 102 107 126 131 145 150 174]
14



[  2   5  21  30  32  39  52  71  84  89  94  97 123 136 156]
15



[  3  37  38  45  54  64  70  78  84  91 106 140 153 170]
14



[  8  10  15  22  36  46  52  59  72  77  89 114 119 130]
14



[  5   9  21  22  23  25  39  54  61  71  84  91  94 102 188]
15



[  6  18  45  52  61  64  68  71  79  84  91  97 132 180 199]
15



[  0   7  10  30  32  39  52  61  76  90 144 158 168 182 192]
15



[  6   8  15  16  41  59  72  77 110 119 127 130 137 138 179 182]
16



[ 10  16  41  59  61  64  79  89  97 111 138 164 181 197]
14



[ 17  19  30  32  40  41  54  61  89  90  94 114 161 192]
14



[  3  34  40  64  79  91  94 117 137 138 144 194 199]
13



[  9  18  24  29  45  54  64  71  73 104 116 140 170 190 195]
15



[ 13  30  38  39  41  61  85 128 131 149 168 192 195]
13



[  2  40  72  79  85  90  93 117 131 133 134 137 161 182 192]
15



[  5   9  23  39  44  54  61  70  84  89  91  94 102 119 158 188]
16



[  0   6  10  16  45  52  61  62  64  71  84  97 140 182]
14



[  2   5  21  30  32  52  67  71  88  89  94 123 136 153 164]
15



[  5   9  21  22  39  45  52  61  64  71  84  91  94 102 174 199]
16



[ 19  23  39  42  52  61  89  90  94 119 136 142 158 188 192]
15



[  0  20  38  43  46  55  61  87  90 131 137 165]
12



[  0   5  21  22  30  32  39  52  61  71  84  89  94  97 123]
15



[  5   9  21  22  23  25  39  54  61  71  84  91  94 102 188]
15



[ 19  23  39  42  52  61  89  90  94 119 136 142 158 188 192]
15



[  5   6   9  18  22  47  54  61  71  84  91 118 180 199]
14



[  5   9  21  22  23  25  39  54  61  71  84  91  94 102 188]
15



[  1   6   8  20  22  45  55  57  64  72  91 107 131 154 160]
15



[ 27  37  38  39  44  45  54  64  70  84  91 106 140 153]
14



[  2  21  22  28  71  88  89  94  97 118 123 137 142]
13



[ 12  18  23  24  29  47  51  71  96 104 136 142 188 195 197]
15



[  2   5  21  30  32  52  67  71  88  89  94 123 136 153 164]
15



[  9  10  24  31  45  64  68  71  73  75  91 140 170 194]
14



[  8  10  15  30  32  46  54  72  89 106 114 122 153 192]
14



[  5  21  32  33  39  61  70  88  90 116 159 164 176 180 199]
15



[ 18  32  61  64  68  79  90  98 144 164 174 184 197 199]
14



[  8  10  15  30  32  46  54  72  89 106 114 122 153 192]
14



[  4  18  25  36  42  52  80  90 101 102 114 152 155]
13



[  3  37  38  45  54  64  70  78  84  91 106 140 153 170]
14



[  1  30  38  41  61  64  72  89  90 104 171 174 195 197]
14



[  0  10  15  19  32  39  52  61  89  90  94  95 158 192]
14



[ 40  46  54  55  57  61  72  89  90 114 134 161 165 173 180]
15



[ 41  47  54  61  64  72  89  90 104 136 137 138 195]
13



[ 19  23  39  42  52  61  89  90  94 119 136 142 158 188 192]
15



[ 10  32  43  52  61  64  68  71  79  89  97 132 134 164 180]
15



[  5   9  23  39  44  54  61  70  84  89  91  94 102 119 158 188]
16



[  5   9  21  22  39  45  52  61  64  71  84  91  94 102 174 199]
16



[  8  23  46  54  57  72  78  89 106 134 136 137 192 195]
14



[ 19  23  43  47  52  61  68  71  89  90 134 136 142 180 188]
15



[ 23  43  47  54  55  57  61  89  90 118 134 137 142 180]
14



[  7  18  42  47  61  85  90 101 107 110 116 119 138 152 168 176]
16



[  8  10  15  22  36  46  52  59  72  77  89 114 119 130]
14



[  4   7  18  23  24  42  47  51  68  85  90 107 112 119 142]
15



[  0   7  10  30  32  39  52  61  76  90 144 158 168 182 192]
15



[  0  10  16  25  59  61  64  71  79  97 107 140 177 197]
14



[ 16  44  54  55  61  70  84  89 102 114 151 155 170]
13



[ 32  40  41  55  61  90  94  95 114 116 131 150 161 165]
14



[  2  16  56  71  85  89 112 132 134 137 142 173 180]
13



[  0  32  40  55  57  61  64  72  85  90 107 131 168 191]
14



[  7   9  10  19  52  58  61  71  79 119 134 182 192 196]
14



[ 10  16  41  59  61  64  79  89  97 111 138 164 181 197]
14



[  0   5  15  21  23  25  39  60  61  70  90  94 102 159 166]
15



[  4  19  23  24  39  42  54  90  94 117 119 142 158 192]
14



[  0   6  16  55  59  61  62  63  64  97  98 107 131 150]
14



[  0  10  16  25  59  61  64  71  79  97 107 140 177 197]
14



[ 21  32  34  94  97  98 107 118 123 127 150 156 169 191 198]
15



[  1  20  32  57  61  64  65  68  72  90 107 144 174 197]
14



[  9  24  29  31  43  45  54  68  83 100 142 143 173 180]
14



[  2  27  32  44  54  67  70  89 106 114 140 151 153 159]
14



[  6   9  18  52  61  64  68  79  84  91  98 144 174 184 199]
15



[ 19  46  54  57  61  69  89  90 119 134 136 138 195]
13



[  9  18  41  54  55  61  70  84  89 114 140 155 170 195]
14



[  5   9  21  32  52  61  62  64  71 116 134 136 180 182]
14



[ 46  57  61  72  85  86  90 119 137 168 182 192 195]
13



[  5   6  18  22  52  64  71  73  80  89  91  99 194]
13



[ 22  35  48  74  78 108 113 126 142 165 166 172 178 197 199]
15



[  9  18  24  29  45  54  64  71  73 104 116 140 170 190 195]
15



[ 32  33  57  61  76  88  89  90 136 151 159 166 192 197]
14



[  8  15  16  41  59  77  97 110 119 130 137 138 149 150 197]
15



[ 19  23  29  38  52  71  75  78  89  90 136 188 192 195]
14



[ 10  32  43  52  61  64  68  71  79  89  97 132 134 164 180]
15



[  9  29  45  54  55  63  64  67 102 125 168 171 190]
13



[  8  50  72  77  81  89 123 127 130 137 138 162 165 173]
14



[  5   9  21  22  39  45  52  61  64  71  84  91  94 102 174 199]
16



[  0   6  27  45  55  62  63  64  84  97  98 140 171 190]
14



[  6  18  45  52  61  64  68  71  79  84  91  97 132 180 199]
15



[  4  23  24  26  37  46  54  90 103 117 119 122 158 192]
14



[ 27  29  50  55  86  89 120 129 145 162 181 183]
12



[  1  33  38  41  43  61  87  90 104 116 131 133 137 157]
14



[  2   5  21  30  32  52  67  71  88  89  94 123 136 153 164]
15



[  4   7  18  23  24  42  47  51  68  85  90 107 112 119 142]
15



[  0  30  36  64  71  90  94 101 117 131 145 174 183 197]
14



[  5   9  21  22  39  45  52  61  64  71  84  91  94 102 174 199]
16



[  0  10  27  30  32  47  64  71  89  92 115 153 197]
13



[  6  18  64  79  80  91 105 112 137 138 144 179 182 184]
14



[  0   6  10  16  45  52  61  62  64  71  84  97 140 182]
14



[  8  27  32  34  57  98 132 156 169 191 192 197 198 199]
14



[  7   9  18  23  47  52  61  68  71  84  89  96 136 142 170]
15



[  0   5  21  22  30  32  39  52  61  71  84  89  94  97 123]
15



[ 18  25  61  68  79  90  98 140 142 144 159 161 171 197 199]
15



[  5  27  30  32  54  64  67  73  80  89  99 106]
12



[  9  18  23  52  61  68  71  79  84  89  91 102 142 180 188]
15



[ 18  25  41  61  64  79  97 101 107 138 140 176 197 199]
14



[  5   9  21  22  23  25  39  54  61  71  84  91  94 102 188]
15



[  0  55  59  72  81 103 117 122 131 145 147 161 165 197]
14



[  1   6  20  37  45  61  64 104 107 116 131 154 167 195]
14



[  6  18  24  37  45  64  75 116 138 140 182 190 194 195]
14



[  5   9  23  39  44  54  61  70  84  89  91  94 102 119 158 188]
16



[ 18  61  79  85  90  98 102 107 131 142 159 174 195 199]
14



[ 10  32  64  68  72  79  90  93  98 107 125 144 184 197]
14



[  8  15  30  32  46  52  72  89 106 114 122 161 175 192]
14



[  6   8  15  16  41  59  72  77 110 119 127 130 137 138 179 182]
16



[ 41  50  59  70  72  89  94 111 120 130 138 153 183 197]
14



[  4   7  18  23  24  42  47  51  68  85  90 107 112 119 142]
15



[ 12  18  23  24  29  47  51  71  96 104 136 142 188 195 197]
15



[  8  10  15  36  59  72  77  89 114 119 122 130 149 197]
14



[  0  10  27  30  32  47  64  71  89  92 115 153 197]
13



[  5  21  32  33  39  61  70  88  90 116 159 164 176 180 199]
15



[ 22  24  32  47  48  51  74 103 113 126 165 181 188 197]
14



[  7  18  42  47  61  85  90 101 107 110 116 119 138 152 168 176]
16



[ 22  61  71  88  89  94  97 119 123 137 142 192 197]
13



[  1  13  41  43  59  61  62  64 116 131 136 137 150 164]
14



[  5  32  33  44  54  67  70  73  89  99 121 136 159 164]
14



[ 10  30  32  43  46  54  61  89  90 114 118 122 151 164]
14



[  2   5  21  30  32  52  67  71  88  89  94 123 136 153 164]
15



[ 19  23  29  38  52  71  75  78  89  90 136 188 192 195]
14



[  8  10  19  32  41  50  90  95 112 114 125 151 196 197]
14



[  0   5  21  22  30  32  39  52  61  71  84  89  94  97 123]
15



[  1   6   8  15  16  41  59  77  97 110 119 127 130 137 157]
15



[  0   7  10  30  32  39  52  61  76  90 144 158 168 182 192]
15



[ 13  27  36  54  63  64  67  89 102 129 138 148 149 153]
14



[  8  15  16  41  59  77  97 110 119 130 137 138 149 150 197]
15



[  7  17  30  32  40  41  61  64  72  85  90 107 131 168]
14



[  6  18  45  52  61  64  68  71  79  84  91  97 132 180 199]
15



[ 60  80  85  90 100 117 118 137 138 148 152 184 190 193]
14



[ 19  23  42  47  52  61  68  89  90 119 134 136 142 187 188]
15



[ 19  23  39  42  52  61  89  90  94 119 136 142 158 188 192]
15



[  9  24  29  31  43  45  54  68  83 100 142 143 173 180]
14



[  0  23  30  38  46  61  72  85  89  90 122 166 192 195]
14



[  2  36  52  62  65  72  94  98 103 143 174 175 189]
13



[  5  32  39  52  64  65  71  73  94  99 116 136 139 164]
14



[  6  18  45  52  61  64  68  71  79  84  91  97 132 180 199]
15



[  1  38  43  59  61  64  71 131 136 137 141 150 197]
13



[  5   9  23  39  44  54  61  70  84  89  91  94 102 119 158 188]
16



[  9  24  29  31  43  45  54  68  83 100 142 143 173 180]
14



[  7  18  42  47  61  85  90 101 107 110 116 119 138 152 168 176]
16



[ 24  31  37  38  64  65 124 128 140 144 145 197]
12



[  6  18  45  61  84  85  91  97  98 131 142 146 167 199]
14



[  8  16  27  30  54  89 106 138 149 159 160 173 175 178]
14



[ 23  43  47  54  55  57  61  89  90 118 134 137 142 180]
14



[  8  10  15  30  36  46  54  72  89 106 114 122 149 153]
14



[  0   6  16  55  59  61  62  63  64  97  98 107 131 150]
14



[  8  30  32  67  86  88  89 123 151 153 159 164 192 197]
14



[  5  18  32  61  85  88  90 116 118 159 164 180 191 199]
14



[  8  14  27  32  53  84  97  98 150 156 169 191 198]
13



[  5   9  21  22  39  45  52  61  64  71  84  91  94 102 174 199]
16



[  0  15  22  34  39  61  70  89  94  95  97 149 155 192]
14



[  2   7  17  19  30  32  34  39  71  89  90  94 136 156 192]
15



[ 20  25  34  39  60  61  64  90 104 140 148 154 167]
13



[  5   9  23  39  44  54  61  70  84  89  91  94 102 119 158 188]
16



[  0  15  32  34  61  70  89  90  94  95 155 158 192 197]
14



[  6   8  10  15  16  59  72  77 107 110 119 122 130 138 160]
15



[ 15  32  40  41  54  61  70  72  89  90  94 114 161 192]
14



[ 18  22  35  48  70  80  99 114 126 155 172 177 197]
13



[  8  22  36  54  63  67  77 103 115 148 149 153 163 173]
14



[  1  43  61  71  82  96  97 118 120 131 136 150 164 197]
14



[ 27  36  55  80 117 131 141 142 145 148 165 183 197]
13



[  0  32  34  61  70  79  89  94  97 111 188 192 197 198]
14



[ 18  19  23  47  54  61  71  89  90 104 119 136 142 188 195]
15



[  0   7  32  40  49  61  64  72  79  90  94 107 144 168]
14



[  9  12  18  22  23  25  51  71  84 118 142 154 169 188]
14



[  9  18  41  61  64  68  70  84  91 140 154 170]
12



[ 18  19  23  47  54  61  71  89  90 104 119 136 142 188 195]
15



[  1  30  38  41  61  64  72  89  90 104 171 174 195 197]
14



[ 40  46  68  72  85  89  95 106 114 122 149 161 173]
13



[  6  18  45  52  61  64  68  71  79  84  91  97 132 180 199]
15



[  5   8  15  16  46  52  72  77  89 106 119 122 160 174 175]
15



[  5  21  32  33  39  61  70  88  90 116 159 164 176 180 199]
15



[  0  25  38  59  64  71  79 101 107 140 145 153 177 194 197]
15



[ 16  61  77  85  86 123 142 144 150 159 173 174 193]
13



[  6   8  15  16  41  59  72  77 110 119 127 130 137 138 179 182]
16



[  5  26  32  61  64  65  71  90 116 128 134 154 164 180]
14



[  8  10  27  32  35  50  89 114 151 153 159 164 181 197]
14



[  0   7  10  30  32  39  52  61  76  90 144 158 168 182 192]
15



[ 18  19  23  47  54  61  71  89  90 104 119 136 142 188 195]
15



[ 18  32  61  64  68  79  90  98 144 164 174 184 197 199]
14



[  7   9  18  32  41  61  64  68  70  84  89 140 154]
13



[  2  22  28  39  71  88  89  94  97 123 137 142 192]
13



[  7  17  32  40  41  55  61  64  72  89  90  94 168 187]
14



[  9  23  39  42  54  61  84  89  94 102 119 136 142 158 188]
15



[  6   9  45  67  86 121 126 138 140 158 182 189 195]
13



[  6  18  24  37  45  64  75 116 138 140 182 190 194 195]
14



[  0  30  32  40  46  61  72  85  90 122 131 135 182 191 192]
15



[  0  10  15  19  32  39  52  61  89  90  94  95 158 192]
14



[ 46  57  61  72  85  86  90 119 137 168 182 192 195]
13



[ 18  25  34  61  68  79  91  97  98 107 140 142 144 199]
14



[ 19  23  39  42  52  61  89  90  94 119 136 142 158 188 192]
15



[  1   7  32  41  55  58  61  90 114 116 131 134 154]
13



[  1  30  38  41  61  64  72  90 104 131 133 174 195 197]
14



[  8  15  16  41  59  77  97 110 119 130 137 138 149 150 197]
15



[ 18  25  41  61  64  79  97 101 107 138 140 176 197 199]
14

