

[ 14  21  57  97 105 114 160 188]
8



[  1  34  58 129 142 149 160 170 185]
9



[  2  45  48  82 162 163 178]
7



[  3   5   9 114 175 176 180]
7



[ 14  15  21  43  72 114 153 188]
8



[  5   9  47  70  87  93 130 147 156]
9



[  5   9  47  70  87  93 130 147 156]
9



[  7  22  36  48  60  86  89 101 107 138]
10



[  9  40  53  69  94 130 197]
7



[  9  35  53  69 111 184 185 199]
8



[  7  58  75 101 160 164 168 170]
8



[  9  37  72  93 117 151 181 185 199]
9



[  7  22  36  48  60  86  89 101 107 138]
10



[  9  40  53  69  94 130 197]
7



[ 14  56  86 107 112 158 178]
7



[ 14  15  21  43  72 114 153 188]
8



[  3   5   9 114 175 176 180]
7



[ 14  45 105 149 158 160 184 185]
8



[ 43  57  68 116 117 151]
6



[ 14  56  86 107 112 158 178]
7



[ 83  89 101 107 111 131 182 199]
8



[  5   9  47  70  87  93 130 147 156]
9



[ 43  60 108 109 116 146 151 184]
8



[  3   5   9 114 175 176 180]
7



[ 83  89 101 107 111 131 182 199]
8



[ 14  45 105 149 158 160 184 185]
8



[  9  37  72  93 117 151 181 185 199]
9



[ 36  37  48  93 108 138 148 181 185]
9



[  2  15  21  28 119 140 188]
7



[ 29  83  84 101 117 175 182 199]
8



[  9  37  72  93 117 151 181 185 199]
9



[  9  31  39  40  48  69  91 133 140]
9



[ 14  56  86 107 112 158 178]
7



[  9  35  53  69 111 184 185 199]
8



[ 34  71  73 131 157 158 160 180 184]
9



[  9  35  53  69 111 184 185 199]
8



[ 43  60 108 109 116 146 151 184]
8



[  9  37  72  93 117 151 181 185 199]
9



[ 37  38  46  86 111 158 164 188]
8



[ 43  60 108 109 116 146 151 184]
8



[  5   9  47  70  87  93 130 147 156]
9



[  9  35  53  69 111 184 185 199]
8



[  3   5   9  42 114 168 175 180 186]
9



[ 43  60 108 109 116 146 151 184]
8



[  3   5   9 114 175 176 180]
7



[  9  31  45 105 107 165 178 196]
8



[  9  37  72  93 117 151 181 185 199]
9



[  5   9  47  70  87  93 130 147 156]
9



[  9  37  72  93 117 151 181 185 199]
9



[  9  49  59  88 105 135 157]
7



[ 24  27  30  49  50  61 155 181]
8



[  9  37  72  93 117 151 181 185 199]
9



[ 34  71  73 131 157 158 160 180 184]
9



[  9  37  72  93 117 151 181 185 199]
9



[ 83  89 101 107 111 131 182 199]
8



[ 14  15  21  43  72 114 153 188]
8



[  3   5   9 114 175 176 180]
7



[ 43  60 108 109 116 146 151 184]
8



[ 43  60 108 109 116 146 151 184]
8



[  9  34  46  51  59  66  99 143]
8



[  7  22  36  48  60  86  89 101 107 138]
10



[ 24  27  30  49  50  61 155 181]
8



[  5   9  47  70  87  93 130 147 156]
9



[  5   9  47  70  87  93 130 147 156]
9



[ 33  40  58  70  93 114 115 129 160 170]
10



[ 43  60 108 109 116 146 151 184]
8



[  9  34  46  51  59  66  99 143]
8



[ 43  60 108 109 116 146 151 184]
8



[ 43  60 108 109 116 146 151 184]
8



[  9  35  53  69 111 184 185 199]
8



[  5   9  47  70  87  93 130 147 156]
9



[ 34  71  73 131 157 158 160 180 184]
9



[  9  37  72  93 117 151 181 185 199]
9



[  7  58  75 101 160 164 168 170]
8



[ 34  67  74  89 149 166 180 184]
8



[ 29  83  84 101 117 175 182 199]
8



[ 11  72 128 150 169 181]
6



[ 56  57  77  91 114 168 180]
7



[ 14  33  75 155 165 169 178 182]
8



[ 14  56  86 107 112 158 178]
7



[ 43  60 108 109 116 146 151 184]
8



[ 14  56  86 107 112 158 178]
7



[  7  22  36  48  60  86  89 101 107 138]
10



[ 83  89 101 107 111 131 182 199]
8



[  5   9  47  70  87  93 130 147 156]
9



[ 15  44  48  55  67  85 108]
7



[  7  22  36  48  60  86  89 101 107 138]
10



[  5   9  47  70  87  93 130 147 156]
9



[  9  49  59  88 105 135 157]
7



[ 83  89 101 107 111 131 182 199]
8



[ 14  56  86 107 112 158 178]
7



[  9  37  72  93 117 151 181 185 199]
9



[ 43  60 108 109 116 146 151 184]
8



[  9  37  72  93 117 151 181 185 199]
9



[  9  40  53  69  94 130 197]
7



[ 14  56  86 112 128 168 169 188]
8



[ 43  60 108 109 116 146 151 184]
8



[ 14  21  57  97 105 114 160 188]
8



[  7  22  36  48  60  86  89 101 107 138]
10



[  9  35  53  69 111 184 185 199]
8



[  9  34  46  50  51  59  82  99 143]
9



[ 22  35  55  62 162 182 194 199]
8



[  5   9  47  70  87  93 130 147 156]
9



[ 14  56  86 107 112 158 178]
7



[ 43  60 108 109 116 146 151 184]
8



[  9  49  59  88 105 135 157]
7



[  9  40  53  69  94 130 197]
7



[ 14  56  86 107 112 158 178]
7



[ 43  60 108 109 116 146 151 184]
8



[ 43  60 108 109 116 146 151 184]
8



[  9  34  46  51  59  66  99 143]
8



[  9  35  53  69 111 184 185 199]
8



[ 14  56  86 107 112 158 178]
7



[ 24  27  30  49  50  61 155 181]
8



[  3   5   9 114 175 176 180]
7



[ 33  40  58  70  93 114 115 129 160 170]
10



[ 43  60 108 109 116 146 151 184]
8



[  9  37  72  93 117 151 181 185 199]
9



[  9  31  39  40  48  69  91 133 140]
9



[  5   9  47  70  87  93 130 147 156]
9



[ 11  36  43  83 108 120 150 180]
8



[ 83  89 101 107 111 131 182 199]
8



[  9  49  59  88 105 135 157]
7



[  9  49  59  88 105 135 157]
7



[  9  40  53  69  94 130 197]
7



[ 83  89 101 107 111 131 182 199]
8



[  8  56 126 133 147 199]
6



[  8  12  21  56  90 127 130 188]
8



[ 14  56  86 112 128 168 169 188]
8



[ 24  45  56  88 144 162 163 189 191]
9



[  9  40  53  69  94 130 197]
7



[ 43  60 108 109 116 146 151 184]
8



[  5   9  47  70  87  93 130 147 156]
9



[  9  31  39  40  48  69  91 133 140]
9



[  5   9  47  70  87  93 130 147 156]
9



[  9  49  59  88 105 135 157]
7



[ 14  21  57  97 105 114 160 188]
8



[ 43  60 108 109 116 146 151 184]
8



[  7  22  36  48  60  86  89 101 107 138]
10



[ 14  56  86 107 112 158 178]
7



[  9  31  39  40  48  69  91 133 140]
9



[  9  35  53  69 111 184 185 199]
8



[ 14  21  57  97 105 114 160 188]
8



[  5   9  47  70  87  93 130 147 156]
9



[  6  12  39  45  47  56 144 162 182]
9



[  9  37  72  93 117 151 181 185 199]
9



[ 43  60 108 109 116 146 151 184]
8



[  5   9  47  70  87  93 130 147 156]
9



[ 36  37  48  93 108 138 148 181 185]
9



[ 14  45 105 149 158 160 184 185]
8



[  9  37  72  93 117 151 181 185 199]
9



[ 43  60 108 109 116 146 151 184]
8



[  9  40  53  69  94 130 197]
7



[ 14  15  21  43  72 114 153 188]
8



[  9  37  72  93 117 151 181 185 199]
9



[ 14  33  75 155 165 169 178 182]
8



[  5   9  47  70  87  93 130 147 156]
9



[  9  49  59  88 105 135 157]
7



[ 14  45 105 149 158 160 184 185]
8



[ 37  38  46  86 111 158 164 188]
8



[  9  35  53  69 111 184 185 199]
8



[ 43  60 108 109 116 146 151 184]
8



[  5   9  47  70  87  93 130 147 156]
9



[ 43  60 108 109 116 146 151 184]
8



[  7  58  75 101 160 164 168 170]
8



[ 14  56  86 107 112 158 178]
7



[ 43  60 108 109 116 146 151 184]
8



[  7  22  36  48  60  86  89 101 107 138]
10



[ 56  57  77  91 114 168 180]
7



[ 14  56  86 112 128 168 169 188]
8



[ 33  40  58  70  93 114 115 129 160 170]
10



[ 23  84 107 135 165 171 182 197]
8



[  3   5   9 114 175 176 180]
7



[  9  37  72  93 117 151 181 185 199]
9



[ 14  15  21  43  72 114 153 188]
8



[  3   5   9 114 175 176 180]
7



[  3   5   9 114 175 176 180]
7



[ 25  47  48  57  79 164 177 180]
8



[ 14  56  86 107 112 158 178]
7



[  9  40  53  69  94 130 197]
7



[  3   5   9 114 175 176 180]
7



[  9  37  72  93 117 151 181 185 199]
9



[ 83  89 101 107 111 131 182 199]
8



[ 37  40 105 115 156 162 170 194]
8



[ 43  60 108 109 116 146 151 184]
8



[  9  35  53  69 111 184 185 199]
8



[  3   5   9  42 114 168 175 180 186]
9



[ 27  45  48  60 107 109 112 178 197]
9



[ 14  56  86 107 112 158 178]
7



[ 14  56  86 107 112 158 178]
7



[  8  56 126 133 147 199]
6



[ 31  68  69 106 149 150 169 191 196 197]
10



[  9  40  53  69  94 130 197]
7



[  8  13  56  68 120 127 162]
7



[  5   9  47  70  87  93 130 147 156]
9



[ 29  83  84 101 117 175 182 199]
8



[  9  31  39  40  48  69  91 133 140]
9



[  9  40  53  69  94 130 197]
7



[ 29  83  84 101 117 175 182 199]
8



[  9  35  53  69 111 184 185 199]
8

