

[  0 116 216 337 389 549 912]
7



[  1  44  70 208 266 388 530 775 800]
9



[  2 133 280 398 527 545 790 810 896]
9



[  3 114 170 219 330 402 423 691 773]
9



[  4 527 796 800]
4



[  5 343 591 646 741 771]
6



[  6  43  60  85  96 452]
6



[  7  73 171 182 285 342 580]
7



[  8 334 620 696]
4



[  9 120 142 489 609 680 845]
7



[ 10 232 519 562 619 670 840]
7



[ 11 162 827]
3



[ 12  80 129 202 350 413]
6



[ 13  97 597 647]
4



[ 14 362 552 587 710 926]
6



[ 15  58  89  99 130 325 670 683]
8



[ 16 124 164 324 345 386 517 696 880]
9



[ 17 125 136 269 311 344 753]
7



[ 18 215 288 330 606]
5



[ 13  19 566 587 671 755]
6



[ 20 125 178 281 390 550 693]
7



[ 21  70 121 182 268 274 351 548 592 689]
10



[ 22 403 512 563 628 775 850 950]
8



[ 23  45 255 325 526 786]
6



[ 24 270 377 571 670]
5



[  2  25 148 168 341 397 403 517 604 671]
10



[ 26 220 665]
3



[ 27  39 141 284 329 574 691]
7



[ 11  28  81 186 319 328 644 781 892]
9



[ 29  90 113 165 212 255 441 513 588 667 924]
11



[ 30  51 258 374 559 596 658]
7



[ 16  31 137 239 261 316 342 403 477 911]
10



[ 32  76 138 179 309 614 684 772 930]
9



[ 18  33 123 139 441 564 674]
7



[ 34 198 278 394 435 688 826]
7



[ 35  62 185 499 623 827 835]
7



[ 36 136 226 359 686 864]
6



[ 11  37 115 687 949]
5



[ 38  41 131 242 484 522 598 608]
8



[ 39  57 106 255 326 365 483 556 599 773]
10



[ 40 561 652 760 792 938]
6



[ 28  41 117 138 261 570]
6



[ 42  67 112 179 313 334 890]
7



[ 24  43 172 249 294 317 387 567 579 783]
10



[ 16  44 158 314 334 361 372 796]
8



[  0  45  54 204 335 373 777 804 943]
9



[ 46  72  86 132 159 288 438 462 591 612 650 780 831]
13



[ 47  56  76 155 445 463 546 653 695 775]
10



[ 48 311 640 945]
4



[ 22  49  69 211 375 512 551 601 789 947]
10



[ 50 279 482 569 675 806]
6



[ 51 126 159 225 347 498 573 619 624 723 786]
11



[ 52 122 191 220 662 684 830]
7



[ 53 147 221 537 703]
5



[ 54 198 282 317 423 432 700]
7



[ 55  97 185 314 403 436 817]
7



[ 22  56 155 162 181 681 818]
7



[ 20  57  95 147 170 282 303 753]
8



[ 58  72  95 160 175 210 249 275 366 664]
10



[ 59 218]
2



[  5  60 170 282 356 553 629 860]
8



[ 61 140 823 889]
4



[ 49  62 168 220 351 546 598 654]
8



[ 63 606 679]
3



[ 64 176 261 458 597]
5



[ 65  86 231 277 297 332 561 605 745 771 869]
11



[ 66 123 150 596 774]
5



[ 67 161 208 271 342 539]
6



[ 68 135 209 323 513 732 774]
7



[ 14  69  82 131 276 364 604 631 838 849]
10



[  1  26  70 182 211 331 535 772 862]
9



[ 71 142 163 246 567 833 983]
7



[  3  72  85 250 350 452 718]
7



[ 73 138 199 301 569]
5



[ 74  84 227 254 265 620 710 794]
8



[ 75 187 639 745 970]
5



[  7  76 248 256 578 648 847 856]
8



[ 77 209 238 523]
4



[ 78 197 338 349 603 742]
6



[ 26  79 341 541 707]
5



[ 71  80 184 332 500 658 881 984]
8



[ 81 342 376 477 535 545 637 665 835]
9



[  28   82  128  230  314  403  856 1010]
8



[ 68  83 281 474 754]
5



[ 84 346 560 722]
4



[ 15  54  66  85 513 821]
6



[ 86 180 742]
3



[ 11  76  87 241 345 403 542 695 710 835 885]
11



[ 42  88  97 118 213 304 505 512 844]
9



[ 89 129 202 277 350 363 368 411 520 579 596 984]
12



[ 90 264 826]
3



[ 62  64  91 327 527 842]
6



[ 63  92 404]
3



[  52   93  151  261  334  369  620  852 1021]
9



[   8   94  151  194  733 1022]
6



[ 95 399 594 633 791 843]
6



[ 96 485 615 640 802]
5



[ 42  97 551 747 800]
5



[ 98 229 321 496 580]
5



[ 89  99 571 807 833]
5



[100 134 242 436 592 611]
6



[101 180 449 544 567 873]
6



[  20   51  102  195  240 1014]
6



[103 173]
2



[104 196 227 524 601]
5



[105 136 427 523 593 840]
6



[  48  106  119  742 1018]
5



[107 767]
2



[ 66 108 525 568 609 884]
6



[109 164 551 681 812 847 997]
7



[110 580 682 719]
4



[111 187 252 490 581 718]
6



[112 181 186 233]
4



[ 54 113 160 272 754 765 887 993]
8



[ 89 114 340 483 599]
5



[ 21 115 193 578 607]
5



[ 95 116 360 600]
4



[ 76 117 254 261 611]
5



[118 351 518 692 767 850]
6



[ 60 119 287 338 363 534 603 624 693 766]
10



[ 54  68 120 221 288 554 766 857]
8



[121 208 229 314 445 536 575 597 611 744]
10



[ 16 122 182 223 236 426 598 714]
8



[ 10  86 123 503 730]
5



[ 42  73 124 602 668 830]
6



[125 325 447 766]
4



[ 80 126 377 474 500 603 826 854]
8



[127 213 233 333 555 758]
6



[ 42  73 112 128 218 276 465 484 744 776]
10



[  6  40 129 581]
4



[130 393 705 771]
4



[ 42  49 131 223 425 695 709 803 914]
9



[132 293 332 650 774]
5



[133 203]
2



[  1  98 134 229 286 405 719]
7



[ 75 135 326 394 533 771]
6



[ 57 136 413 540 688]
5



[ 37 137 176 283 911]
5



[138 406 494 678 923]
5



[139 177 424 674 712 763 811]
7



[  2 140 454 744 812 988]
6



[141 212 365 414 437 473 697 972]
8



[ 58 142 287 300 330 622 694 903]
8



[143 186 261 959]
4



[144 312]
2



[145 162 339]
3



[ 64 146 446 482 515 902]
6



[ 24 147 160 245 267 483 983]
7



[148 161 230 316 496 536 642 772 950]
9



[ 30  68 149 263 564 729]
6



[ 150  676  774 1014]
4



[151 351 443 575 755]
5



[152 283 508 521 542 642 699 724]
8



[ 60 153 277 633 673 698]
6



[  0 154 189 350 393 534 652 683]
8



[ 87 155 206 227 346 799]
6



[ 63 108 129 156 219 270 277 344 538 663 765 980]
12



[ 157  316  388  539  565  684  781 1021]
8



[158 230 974]
3



[ 54 159 423 442 469 571 605 686]
8



[102 160 697 948]
4



[112 161 313 436 565 647 738 941]
8



[ 41  82 162 193 512 929]
6



[163 288 442 485 579 676]
6



[  76  164  214  304  448  518  608  656 1004]
9



[ 60 159 165 294 396 691 773 928 957]
9



[129 166 212 711 900]
5



[ 44 167 406 451 484 575 692 727 747 871]
10



[168 229 714 761 941]
5



[123 144 169 389 549 698 739]
7



[ 33 170 384 414 492 676 766 778]
8



[171 241 482 611 690]
5



[ 54 172 380 437 480 526 573 712]
8



[103 173 213 309 361 412 484 675 702 812]
10



[  2 174 223]
3



[160 175 249 442 461 748]
6



[ 44 157 176 276 448 529 681 724 932]
9



[177 429 593]
3



[ 57 116 178 216 627 726]
6



[ 81 179]
2



[  5  96 180 447 657 759]
6



[181 239 443 575 805 919]
6



[182 466 724 738 932]
5



[ 30 183 184 467 674 917]
6



[ 92 123 132 184 298 447 498 765 888 922]
10



[ 44 185 285 410 511 809]
6



[ 28 104 161 186 304 415 648 662]
8



[126 187 363 751 907]
5



[ 94 100 188 213 310 953]
6



[170 189 315 473 533 924]
6



[ 12 119 190 221 294 315 399 424 498 573 664 763]
12



[191 395]
2



[192 252 323 432 489 520 717]
7



[168 193 253 597 647 752 896]
7



[  14  182  194  241  256  487  614  727 1010]
9



[  9 195 411 489 683]
5



[ 93 182 196 241 656 677 719 738 764]
9



[125 197 232 519 652 706 853]
7



[119 198 467 588]
4



[171 199 200 341 535 577 642 758]
8



[  4 112 200 521 656 749]
6



[198 201 243 479 492 603 652 673 720]
9



[ 18 190 202 326 461 526 732 736 763]
9



[ 93 152 161 203 236 242 334 426 505 611 642]
11



[135 190 204 300 469 581 960]
7



[  97  205  345  415  488  641  731 1021]
8



[ 98 186 206 382 431 488 847]
7



[149 207]
2



[188 208 251 280 478 482 501 662 714 896]
10



[160 209 305 338 389 411 489 756]
8



[ 27 120 210 225 330 664 898]
7



[117 211 395 961]
4



[165 202 212 332 338 564 600]
7



[ 73 118 213 535 637 719 849 949]
8



[214 327 532 752 886]
5



[ 78 123 153 215 646 917 987]
7



[216 264 338 401 640 725 748 763]
8



[ 21 179 217 244 369 471 793]
7



[ 28 191 218 382 398 457 598]
7



[ 106  190  219  323  399  402  765 1011]
8



[220 286 333 388 505 601]
6



[221 444 459]
3



[ 63  68  89 106 149 222 237 278 500 894]
10



[ 82 109 223 234 286]
5



[  74   81  224  361  433  632  961 1002]
8



[225 450 500 629 746]
5



[226 245 371 438 630 676 745 999]
8



[227 502 505]
3



[228 455]
2



[229 372 465 577 647 758 964]
7



[ 69 179 223 230 367 460 506 598 747]
9



[190 231 363 418 492 497 622 673 706 756 763 943]
12



[232 243 353 394 624]
5



[110 233 458 477 484]
5



[188 234 651 678 704]
5



[ 65 125 222 235 297 335 378 503 723 867 943]
11



[103 236]
2



[119 156 219 237 377 393 437 553 605 645]
10



[ 135  238  450  652  694 1000]
6



[ 67 188 239]
3



[ 54 132 240 344 470 700 742 884]
8



[ 93 241 307]
3



[  94  242  546  635  714 1012]
6



[ 33 111 201 228 243 378 469 683 711 867 987]
11



[ 62 244 511 565 626]
5



[ 29 245 404 441 596 821]
6



[  23   48  172  246  318  354  629  736  854 1020]
10



[173 217 247 369 422 563 647]
7



[ 49 158 248 382 445 602 665 690 704 936]
10



[ 17 154 249 688 746]
5



[  40  212  250  368  418  683  688  742 1000]
9



[251 403 477 496 744]
5



[ 30 165 252 486 708]
5



[ 44 103 148 161 253 440 499 617 727]
9



[162 254 406 654]
4



[ 23  46  57  75 101 180 255 399 685 718 739 879 955 989]
14



[256 310 334 517 865 968]
6



[113 257 332 544 811]
5



[ 78 258 318 396 490 516 531 960]
8



[259 392 422 471 481 522 551 595 790 800 971]
11



[165 260 291 317 407 432 461 652 783 876 897 934]
12



[ 14 261 372 395 515 796 817]
7



[ 47 140 262 333 448 471 512 542 710 852]
10



[263 284 383 427 927 999]
6



[ 20 141 264 833 860 937]
6



[ 97 128 265 341 398 451 587 799 810 920]
10



[ 47 266 333 376 651 875 986]
7



[ 23 154 267 389 479 603 808 839]
8



[152 268 283 321 484 522 716 856 941]
9



[ 30 165 269 337 447 840 917]
7



[207 270 297 347 447 786 839 840 907 990]
10



[ 25 271 517]
3



[272 774]
2



[ 26  35 273 328 659 818 835]
7



[ 64  91 274 285 292 327 458 779 823]
9



[ 39  85 195 275 384 437 514 627 843]
9



[ 25  82 276 512 781 956]
6



[ 71 129 277 509 605]
5



[278 300 305 418 606 660 884 958 978]
9



[167 211 279 345 959]
5



[104 128 280 289]
4



[187 281 360 573]
4



[ 95 114 269 282 291 432 459 523 730 924]
10



[ 88 157 283 370 398 563 830 953]
8



[150 284 411]
3



[ 44 285 830]
3



[286 375 395 566 590 793 908 959]
8



[149 287 525 771]
4



[ 39  60 226 288 332 516 561]
7



[162 173 289 319 388 395 641]
7



[ 11  44  49 167 194 290 319 372 440 998]
10



[135 226 291 554]
4



[230 292 936]
3



[ 48 245 293 438 573 777 900]
7



[ 96 294 503 791 946]
5



[115 199 295 341 434 491 812 817 847 886 902 997]
12



[296 309 333 832 956]
5



[ 51  75 170 237 297 325 497 513 795 893]
10



[126 275 298 447 828 904]
6



[   7  299  769 1019]
4



[156 160 237 300 394 616]
6



[ 69 283 301 422 749 810 844 889]
8



[  7   8 285 289 302 388 395 440 548 866]
10



[ 29 257 303 407 703 774 863 999]
8



[  2  28 182 185 261 299 304 545 776 868]
10



[101 243 303 305 469 951]
6



[306 561 928]
3



[  47  118  307  445  569  799  939 1015]
8



[ 12 178 189 281 308 534 768 826 887 924 945]
11



[118 253 309 397 487 541]
6



[ 14  21 122 310 364 501 572 794 800]
9



[311 323 390 854]
4



[ 89 312 396 507 571 813 946]
7



[ 44 313 805 892 954]
5



[168 314 412]
3



[ 34 113 159 250 270 315 531 863]
8



[100 140 273 290 316 379 472 878 880]
9



[126 317 329 343 401]
5



[ 34  90 159 275 318]
5



[173 261 319 433]
4



[ 99 116 216 320 377 593 808 870]
8



[ 82 109 137 196 227 321 386 787]
8



[ 26 107 118 199 268 295 322 580 896]
9



[323 401 456 503]
4



[ 14  97 304 324 592 806 892]
7



[  0  99 212 297 325 380 605 771 840]
9



[ 119  228  326  394  467  581  606  867 1006]
9



[327 421 551]
3



[ 107  262  304  328  769  976 1002]
7



[ 29 329 343 867]
4



[ 15  86 330 414 464]
5



[  8 331 352 493 815 838]
6



[ 95 267 332 373 413 839 904]
7



[ 31 103 333 478 719 809 878]
7



[ 91 274 334 502 835 868 986]
7



[  39  237  298  335  525  639  858  870  972 1003]
10



[268 290 336 436 601 892]
6



[ 57 330 337 374 795 888]
6



[ 65 219 338 606 627 816 983]
7



[  74   84  339  381  434  659 1015]
7



[245 340 353 420 564 600 768 882 990]
9



[  4  79 193 316 341 391 535 889]
8



[319 342 496 592 727]
5



[111 135 343 344 449 462 759 798 836]
9



[ 17 192 260 317 344 354 588 884]
8



[ 61  82  97 251 276 345 433 769]
8



[346 386 457]
3



[249 258 347 401 498]
5



[ 22  69 127 208 236 304 348 397 471 505 590 733 859]
13



[219 303 323 349 503 780 965]
7



[  15   20  114  215  281  300  350  461  582  786  840  853  910 1020]
14



[351 358 587 638 790 974]
6



[208 352 740 803]
4



[ 315  353 1017]
3



[111 232 354 582 811 851]
6



[   2   49  109  122  171  230  279  334  336  355  385  737  889 1002]
14



[ 12  54  65 125 258 303 356 489 544 622 708 828 881 994]
14



[ 49 104 205 336 357 482 623 677 838 841]
10



[ 67 271 358 421 623 626]
6



[359 519 822 834]
4



[281 360 576 746]
4



[ 25 268 361 815 905]
5



[ 162  259  362  369  620  832  862 1010]
8



[ 120  356  363  393  479  609 1000]
7



[ 200  244  304  364  589 1016]
6



[ 95 365 808 821 989]
5



[338 366]
2



[  94  253  265  367  370  481  868 1015]
8



[192 349 368 441 792 978]
6



[  59  229  265  346  367  369  416  787 1010]
9



[ 87 295 370 436 611 838 992]
7



[ 48 183 195 278 317 371 610 633]
8



[ 103  148  319  372  422  789 1015]
7



[ 51 263 332 373 464 851 989]
7



[ 20  95 325 374 430 629 876 999]
8



[109 313 375 403 431 998]
6



[ 82 244 299 309 324 376 569 608 849 886]
10



[323 377 573 616 811 894]
6



[ 63  75 281 378 456 483 500 538 834 876]
10



[185 334 379 446 472 618 625 886]
8



[ 58  89 111 277 294 297 380 573 887 952]
10



[ 21 268 339 381 453]
5



[158 299 382]
3



[270 297 383 442 467 574 763 874 943]
9



[384 474]
2



[168 385 789]
3



[ 50  67 230 386 453 675 908 923]
8



[149 343 387 430 674 774 819 843 965 978]
10



[  1 173 176 285 388 439 463 668 782 962]
10



[166 212 300 389 467]
5



[ 86 147 390 711]
4



[ 79 292 299 391 551 659]
6



[  74  217  392  491  974 1016]
6



[ 33 207 263 298 332 337 393 420 474 650 915 965]
12



[  43   72  156  394  826  984 1003]
7



[262 395 647 781 942]
5



[237 350 356 396 540]
5



[134 203 334 397 809 837 896 949]
8



[ 11 110 146 157 168 346 398 419 484 687 830 923]
12



[294 325 399 442 940 999]
6



[ 25 200 400 451 641 947]
6



[ 20 169 344 401 509 768 980]
7



[136 149 219 402 476 691]
6



[162 309 379 403 481 641 793 803 950]
9



[282 337 404 441 528 756 797 854 904]
9



[  4 179 310 405 647 656]
6



[152 397 406 542 998]
5



[ 281  325  407  543  771  909 1014]
7



[ 92 190 408 420 507 660 858 937 972]
9



[ 61 241 409 506 973]
5



[ 410  668  896  953  991 1010]
6



[144 189 411 438 450]
5



[124 173 302 391 412 502 913]
7



[216 312 413 543 652 990]
6



[132 275 414 473]
4



[  13  181  266  342  415  422  460  575 1015]
9



[416 865]
2



[ 39 147 226 417 456 513 917]
7



[418 510 814]
3



[ 133  176  273  327  361  419  445  805  866  954 1009]
11



[  0 169 178 231 252 291 318 420 645 938]
10



[191 230 316 421 471 565 964 995]
8



[ 32 194 385 422 838]
5



[  46  189  423  470  839  917 1011]
7



[ 24 178 189 315 380 401 424 554 640 780 948]
11



[ 35 143 425]
3



[ 50  74 248 426]
4



[427 554 703 813 904 975]
6



[230 362 405 428 443 472 744 815 892 944 997]
11



[ 270  325  429  456  765  804 1006]
7



[ 430 1018]
2



[161 234 265 355 431 555 775 947 971]
9



[120 150 282 423 432 473 544 664 898 940]
10



[ 131  224  261  274  345  392  433 1001]
8



[  26  118  167  234  241  262  434  699  817 1016]
10



[298 337 435 500 674 753 943 983]
8



[ 133  191  302  352  386  436  477  487  757  818  852  926  929 1016]
14



[141 437 479]
3



[126 175 317 389 438 483 660]
7



[439 661 675 923]
4



[174 253 299 309 364 397 440 681 818 889 932]
11



[180 441 469 498 573]
5



[ 177  278  423  442 1006]
5



[443 463 687 925]
4



[ 12 144 444 473 480 495 676 951]
8



[ 296  310  445  465  661  908  935 1012 1019]
9



[251 271 280 446 695 892]
6



[149 250 293 363 424 447 679 697 975]
9



[ 448 1009]
2



[269 359 435 449 581 851 903]
7



[139 215 401 450 507]
5



[  1 107 134 224 266 295 400 425 451 721 883 986]
12



[237 246 393 452 483 504 588 975]
8



[ 81 453 855 877 988]
5



[174 454 578 644 719]
5



[102 278 455 498]
4



[  75   92  141  338  456  483 1008]
7



[107 143 185 289 400 457 901]
7



[107 230 458 964 991]
5



[332 413 417 430 459 464 705 763 873 903 994]
11



[104 194 285 425 460 496 653 750 832 981]
10



[461 729 741]
3



[ 195  269  320  462  751  907  983 1018]
8



[ 151  259  443  463  687  875  998 1021]
8



[  0  89 225 282 389 464 833 918 987]
9



[161 386 465 478 493 769 968]
7



[466 511 992]
3



[159 315 326 368 438 467 476 867 965]
9



[ 304  403  445  468 1009]
5



[ 141  198  257  287  423  469  732  960 1023]
9



[ 80 260 470 646]
4



[  79  196  285  372  385  471  472  631  731  849  862  973 1010]
13



[  25   74  158  213  296  321  382  472  499  604  761  859  880 1002]
14



[ 85 177 207 210 414 473 603 792 845 881 957]
11



[432 474 509 834]
4



[158 227 348 475 665 947]
6



[  72  154  228  384  476  726  853  921 1000 1023]
10



[145 218 369 477 671 761 789 862 905]
9



[ 143  379  422  448  478  710  731 1007]
8



[366 479 639 798 917]
5



[129 204 340 366 444 473 480 610 804 966]
10



[203 392 481 883 932]
5



[  64  107  161  247  339  357  376  482  642  886 1004]
11



[483 673 869]
3



[ 98 321 367 472 484 973]
6



[  77  260  343  418  456  485  549  745  897 1011]
10



[172 235 407 461 486 497 708 759 867 910]
10



[161 194 403 487 877]
5



[112 164 220 227 385 488 704 953]
8



[ 43 153 207 226 330 489 585 763 957 965 984]
11



[130 377 470 490 718 882]
6



[110 295 296 491 714 930]
6



[ 111  184  394  455  473  492  636  717  958 1003]
10



[  61  295  352  443  493  901  956 1009]
8



[ 42 118 191 262 376 453 494 590 764 877 954 991]
12



[201 480 495 972]
4



[ 81 496 929]
3



[149 344 363 418 452 497 785 933]
8



[150 252 308 343 424 498 786 870 888 980]
10



[186 310 327 499 761 865]
6



[189 197 450 500 596 736]
6



[100 261 345 446 463 501 755]
7



[ 218  416  502  820  914 1016]
6



[ 159  249  278  503  917  958 1003]
7



[ 40 177 246 282 308 504 720]
7



[236 505 701]
3



[124 355 506]
3



[147 246 429 507 703]
5



[ 110  140  181  218  328  379  508  744  932  953  991 1010]
12



[ 77 235 442 509 639 860 987]
7



[154 183 510 860]
4



[331 453 488 511 949 954 985]
7



[  7  56 512 542 665 684 690 835 844 880 906]
11



[113 192 269 417 513 540 663 697 795 807 904 963]
12



[ 24  36 142 514 609 807 816]
7



[515 731]
2



[257 516 531 615 688 783 802 884]
8



[143 517 648 919]
4



[ 26  35 518 613 626 787 896 982]
8



[ 29  65 519 528 629 739]
6



[ 30  66 216 272 360 520 581 924]
8



[521 623 666 716 837 842]
6



[ 32  94 186 522 532 557 923]
7



[ 29  72 315 523 567 858]
6



[100 334 524 617 810 892 902]
7



[ 78 300 393 525 729]
5



[  18   63  198  330  526 1006]
6



[527 648 770 812]
4



[ 65 528 627 822]
4



[529 587 790]
3



[242 403 530 702 849 916]
6



[531 591 596 669 834]
5



[ 69 140 274 532 539 545 584 637 812 920]
10



[ 30 189 533 694 857 924]
6



[ 15 272 414 534 547 622 657 730 773 795 882 948]
12



[ 59 157 247 309 351 512 535 604 625 793 835 959 981]
13



[ 62 220 346 536 692]
5



[277 473 537 891]
4



[ 57  72 272 538 619 970]
6



[  7 179 539 545 818 862]
6



[  0  15  57  86 332 540 567 773 884 957]
10



[ 84 333 541 620]
4



[  7 446 542 580 632 787 815 861]
8



[  9  46  71 543 568 627 729 786 983]
9



[272 360 544 706]
4



[ 11  52 541 545 578 648 687 772 823]
9



[134 524 546]
3



[ 102  113  178  275  537  547  873  907 1011]
9



[262 548 781 865 998]
5



[ 63 177 549 582 627 636]
6



[175 246 270 550 670 879]
6



[  4 230 439 541 551 727 769 997]
8



[ 37  98 428 552 563 653]
6



[106 237 288 315 553 674 715 753 821 921 940]
11



[142 554 630 643 745]
5



[ 319  419  555  642 1007]
5



[ 29 160 556 694]
4



[191 265 557 632 678 733 737 800 911]
9



[143 286 558]
3



[  9 172 365 559 801]
5



[188 224 369 521 560 796 896 953]
8



[337 561 680 813 921 993]
6



[559 562 795 854 958]
5



[107 557 563 583 731]
5



[125 183 212 277 374 525 564 741 754 802]
10



[  81  118  176  301  565  607  724  925  932 1009]
10



[ 19  32  84 127 566 642 755 916]
8



[ 33 102 567 596 633 698 869 918 945]
9



[ 125  180  216  300  568  667 1008]
7



[  8 253 285 307 530 569 589 608 651 856 885 913]
12



[  8 191 218 299 570 611 829 872 926]
9



[526 571 797]
3



[572 589 614 648 761 793]
6



[377 520 550 573]
4



[184 374 528 574 774]
5



[ 41  93 110 524 575 587 793 942 947]
9



[576 652 745 774]
4



[ 11  93 161 577 598 899 981]
7



[ 50  84 206 352 466 578 731 740 794]
9



[ 78 533 579 612 774 975]
6



[   8   94  194  341  557  580  806  841  850  974 1012]
11



[ 66 108 221 263 449 581 712 797]
8



[ 34 338 540 582 609 640 778 918 972]
9



[ 37  74 247 454 583]
5



[  1  56  82 217 324 458 532 584 710 770 865]
11



[585 629]
2



[366 586]
2



[ 98 211 259 379 541 552 587 991]
8



[ 15 136 553 588 630 660 686 715 736 765 853 909 990]
13



[ 25 515 589 608]
4



[590 647 871]
3



[ 23  68 269 347 550 591 723 741 798 876]
10



[ 74 472 546 592 617 631 666 716 861]
9



[ 57 347 593 921]
4



[ 51 154 344 594]
4



[  31  122  518  595  695  719  789  985 1010]
9



[  5  24  95 209 500 526 596 760 840 893 965 990]
12



[ 61 563 597 871]
4



[ 91 242 546 598 625 784 837]
7



[599 609 703 989]
4



[600 960]
2



[251 313 477 601 781 913]
6



[ 28  50 334 512 535 602 611 724 744 767 920]
11



[411 519 603 698 848]
5



[ 73 112 604 878]
4



[249 380 479 605 634 788 846]
7



[  89  606  884 1023]
4



[ 28 122 205 478 566 584 607 724 885 967]
10



[ 81 109 296 569 608 682 716]
7



[ 45 116 288 377 609 711 821]
7



[ 40 243 610 673 934]
5



[ 47 234 481 611]
4



[ 53 519 612 639 694 732 845]
7



[  13  181  239  341  481  535  613  755  772  815  886  967 1021]
13



[557 604 614 635 644 682 790 935]
8



[523 615 736]
3



[  43  102  216  225  616  756  828 1017]
8



[592 617]
2



[ 62 618 728 776 892 971]
6



[163 303 526 619 649 765]
6



[348 620 752 767 806 832 936]
7



[116 353 543 621 891 937]
6



[622 940]
2



[ 14 362 511 521 623 675 862 883]
8



[ 92 123 226 245 514 599 624 660 680 691 785]
11



[127 361 512 572 625 818 855 856 868]
9



[522 620 626]
3



[  34   57  111  435  523  627  636  673  729  816 1013]
11



[ 188  628 1009]
3



[ 29  39 305 325 579 606 629 857 882]
9



[ 71 366 470 526 616 630 723 791 994]
9



[199 578 631 762 849 919]
6



[472 512 555 632]
4



[ 72 337 383 528 610 633 797 819 858]
9



[105 116 593 634 664 765 876]
7



[ 61  98 155 628 635 734 799 878 953 971]
10



[ 48 636 686 754 845 858 952]
7



[  44  351  369  545  637  687  740  789  824  871 1022]
11



[ 76 532 638 829 942]
5



[ 250  495  533  594  639  825  860 1013]
8



[640 833 910]
3



[ 97 148 211 397 641 671 835 906]
8



[  1  14  98 563 642 911 950]
7



[ 17 411 643 676 703 791 945 960]
8



[176 236 644 733 905]
5



[ 77 231 263 537 582 645 694 732 801 910 912]
11



[170 523 622 646 839]
5



[  1 179 214 388 541 548 647 905 930]
9



[158 173 248 648 911 986]
6



[249 387 408 649 700 735 778]
7



[  9 147 160 190 198 650 679 732 846 940]
10



[ 42  79 133 185 194 457 617 651 662 762 781]
11



[ 384  612  652  777 1000]
5



[ 188  392  548  653  682  727  837  935  974 1021]
10



[ 31 137 167 654 656 930]
6



[ 39 581 655]
3



[656 923]
2



[141 187 195 469 581 657 680 735 777 903 924]
11



[658 715 822]
3



[405 499 587 644 659 906 985]
7



[198 389 660 735]
4



[155 164 241 391 613 661 675 769 823 944]
10



[ 28 254 595 662 699 719 799 935]
8



[561 663 946]
3



[  0 120 202 594 643 664 766]
7



[ 41  93 203 248 560 584 665]
7



[ 16 171 578 644 666 701 976]
7



[ 24 123 209 441 547 652 667 688 783 785 858]
11



[668 682 721 740 950]
5



[287 404 669 785]
4



[  92  207  411  564  670  691  742  792  846 1023]
10



[140 213 279 589 671 743]
6



[ 37  42 614 672 962]
5



[  9  36  99 187 305 559 646 673 700 754]
10



[  0 184 195 306 420 674]
6



[ 182  666  675  761  818 1002]
6



[514 676 780 952]
4



[ 52 518 677 908]
4



[678 709 722 838]
4



[ 303  679  745  909  938 1023]
6



[250 549 646 680 691]
5



[301 491 548 637 681]
5



[164 206 641 682 755 842 992]
7



[ 15  99 190 441 514 573 676 683 735 801]
10



[ 426  542  684  690  829  872  929 1022]
8



[101 187 413 489 664 674 685]
7



[184 204 669 686 828]
5



[ 41 131 648 687 998]
5



[ 40  54 132 210 610 636 688 712 759 768 826 918 940]
13



[ 16  37 213 369 546 575 617 666 689 985 997]
11



[ 16 542 555 690 824]
5



[144 225 498 537 691 746 881]
7



[100 428 524 687 692 722 929 964]
8



[497 609 693 754 887 918 989]
7



[210 374 404 612 650 694 814]
7



[ 38 133 241 446 637 665 695 775]
8



[ 59 140 254 696 914]
5



[  29  305  660  697 1011]
5



[ 222  698  816  904 1011]
5



[151 491 699 707]
4



[178 667 700 720 759]
5



[ 37 397 589 632 647 672 701 731 809 820 920]
11



[230 436 702 719]
4



[  23  156  250  430  561  703 1014]
7



[227 618 704 835 844 916]
6



[139 221 243 323 417 612 633 693 705 777 903]
11



[  18   71  129  688  706  751  854 1000]
8



[491 521 707 842 865]
5



[  6 136 320 486 679 708 746]
7



[ 84 151 454 590 608 687 709 758 925 979]
10



[ 146  203  324  517  675  684  710  721  790  878  896 1010]
12



[612 711 887 987]
4



[ 593  619  712 1020]
4



[ 224  618  642  713 1004]
5



[158 236 362 558 672 714 844]
7



[215 715 753]
3



[173 217 463 484 614 671 716 986]
8



[139 252 629 646 673 717 927 984 999]
9



[ 12 139 215 461 616 658 679 705 718 756 763]
11



[127 598 719 837 968]
5



[  83  177  201  514  667  720  739  884  924 1018]
10



[  1  84 218 530 584 613 710 721 817 919 995]
11



[618 722 794 852 974 995]
6



[ 71 178 650 723 931]
5



[100 724]
2



[  23  231  655  725  785  836  924 1014]
8



[ 243  407  500  516  650  693  726  786  853 1023]
10



[468 727 799]
3



[  26  203  448  572  595  617  728  750 1010]
9



[476 520 531 693 729 843]
6



[282 691 730 907 994]
5



[ 472  522  632  656  681  731  847 1002 1009]
9



[ 20 452 732 741]
4



[ 94 511 524 733 758]
5



[  62  342  508  532  578  678  696  713  734 1002]
10



[ 85 142 534 636 664 735 887 966 969]
9



[212 235 354 417 553 736 912]
7



[ 49 103 194 217 501 517 587 592 727 737 877 968]
12



[ 100  208  677  738  803 1004]
6



[ 130  177  291  586  720  739  879  897  934 1000]
10



[ 182  617  740  936 1021]
5



[226 293 452 509 605 627 741 766 931]
9



[116 197 742]
3



[  69  242  358  548  659  743  815  950 1004 1019]
10



[ 97 124 162 203 328 522 744 758 890]
9



[ 89 202 745]
3



[160 492 568 576 746]
5



[431 458 747 764 865 954 985]
7



[ 216  429  605  748 1017]
5



[164 206 248 445 749]
5



[ 44 244 426 635 644 750 806 982]
8



[  78  119  486  525  726  751  910 1013]
8



[196 434 472 714 752 982]
6



[ 125  232  562  730  753  928 1020]
7



[  48  119  222  228  442  483  582  609  636  754  898 1023]
12



[ 87  97 230 505 755 817 976]
7



[420 504 633 663 756 876]
6



[196 405 575 611 678 757 805]
7



[494 758]
2



[178 238 636 667 759]
5



[497 510 540 622 708 760]
6



[191 589 690 761]
4



[191 410 721 762 856]
5



[113 169 763]
3



[122 206 601 671 764 872 981]
7



[630 660 765]
3



[ 54 582 766 922 948 975]
6



[ 61 236 501 690 714 737 767 799]
8



[ 65 267 408 519 537 612 720 768 814 858 873]
11



[524 769]
2



[355 398 563 770 844]
5



[771 910 937]
3



[ 13 772]
2



[609 773]
2



[523 774 879 909 948]
5



[597 651 775]
3



[ 41  64 376 412 515 570 601 656 776 877]
10



[387 777 807 945 960]
5



[ 15 170 291 350 360 778]
6



[203 779 800 935 953]
5



[  5 281 308 360 430 543 621 780 807 853 912]
11



[143 388 575 587 781 865 899]
7



[328 517 578 604 782 877 890]
7



[540 621 683 768 783 857 922 965]
8



[266 521 642 696 784 929]
6



[113 320 347 404 417 785]
6



[ 48 294 343 404 411 571 664 674 786 828]
10



[322 434 471 656 787 824 852]
7



[588 670 788 814]
4



[ 31 148 307 345 397 515 572 589 665 782 789 809]
12



[ 55 316 529 727 790 908 935 962]
8



[ 53 401 538 582 791 828 843 898]
8



[ 10 156 275 297 594 792]
6



[157 403 572 635 641 793 800 842]
8



[122 138 279 478 604 794 815]
7



[  17  258  669  773  795  822  910  931  969 1023]
10



[601 666 796 902 991]
5



[ 53 797 887]
3



[ 12 380 639 686 798 816 983]
7



[342 654 701 799]
4



[176 648 800]
3



[ 485  528  612  801  874  893 1008]
7



[ 39 130 264 564 736 802 848 900]
8



[331 421 539 687 755 803]
6



[284 311 354 534 561 581 700 804]
8



[ 52 355 541 583 641 757 805 916 953]
9



[110 324 428 806 862]
5



[  36  318  371  622  807 1005]
6



[184 315 320 396 528 559 633 774 808 882 958]
11



[173 285 295 481 558 794 809 892 932]
9



[322 810]
2



[399 686 811]
3



[280 358 361 388 508 604 608 769 799 812 885 950]
12



[ 12  33 111 686 778 813 816]
7



[549 610 700 814 839 891 928 972]
8



[ 37 614 637 815]
4



[160 353 574 816]
4



[575 817 859]
3



[375 403 515 818]
4



[119 417 498 643 777 819 999]
7



[301 307 422 440 701 769 820 866 919]
9



[275 556 777 821]
4



[166 282 293 354 571 771 822 999]
8



[ 38 379 446 501 570 662 823 932]
8



[ 16  44 392 584 824 986]
6



[ 43 667 825]
3



[760 826 931]
3



[107 632 827 877]
4



[ 53 126 156 332 802 828 891 990]
8



[ 49 539 620 829]
4



[158 274 379 431 535 560 604 623 701 830]
10



[175 291 343 786 831 940]
6



[781 790 832]
3



[605 612 833]
3



[329 343 390 474 754 834 912 999]
8



[   1  386  465  551  835  877  901  986 1015]
9



[ 204  330  500  514  556  629  836  882  924  933 1000]
11



[385 598 829 837]
4



[333 584 597 626 740 838]
6



[  83  407  533  586  612  839  857 1013]
8



[105 269 636 840 910]
5



[203 271 392 481 635 728 841]
7



[ 42 203 336 506 614 642 842]
7



[235 315 387 797 843 943 965 994]
8



[196 592 800 844 981]
5



[  5 347 366 393 537 788 845 903]
8



[630 846 891]
3



[  13  295  328  415  494  535  714  829  847  850 1001]
11



[ 65 332 561 582 804 848 873 965]
8



[ 217  617  794  849  895 1016]
6



[ 98 327 382 406 458 796 850 885 991]
9



[330 473 759 851 894]
5



[ 94 560 852 895]
4



[ 65 269 657 853]
4



[ 68 272 359 500 519 538 735 828 833 854]
10



[ 79 451 511 637 855 866 973]
7



[314 457 508 733 772 856]
6



[504 720 857]
3



[380 411 571 579 630 858 980]
7



[334 859]
2



[ 90 108 568 718 765 773 860 978]
8



[342 861]
2



[475 518 862]
3



[126 215 337 771 863 876 978]
7



[  34  293  326  561  600  745  826  864 1006]
9



[ 98 580 865 949]
4



[ 42 422 491 577 635 815 866 914]
8



[305 365 423 449 571 786 814 867 884]
9



[632 868]
2



[ 53 371 759 863 869 917 943]
7



[231 258 373 599 756 870]
6



[598 738 769 871]
4



[448 546 635 750 872 908]
6



[873 897]
2



[ 40 474 526 579 600 804 819 874 943]
9



[322 463 595 738 875 935 961]
7



[260 831 876 975]
4



[ 79 296 348 521 580 877 956 991]
8



[ 14 234 878 880 971]
5



[ 95 374 455 574 851 879 940]
7



[ 52 274 529 776 835 880]
6



[281 359 568 881]
4



[383 534 843 882]
4



[ 67 112 247 289 367 555 872 883 935 971]
10



[576 615 863 884]
4



[324 370 471 733 790 800 885]
7



[ 279  357  436  454  592  824  886 1004]
8



[114 245 347 356 564 663 887 888 955]
9



[338 456 768 887 888 987]
6



[ 59 217 289 328 889]
5



[458 722 890]
3



[ 90 235 891 951 989]
5



[276 536 598 617 818 842 892 925 942]
9



[ 60 371 612 816 893]
5



[300 371 442 486 732 763 825 840 894]
9



[ 121  271  346  355  477  570  749  837  895 1002]
10



[460 796 896]
3



[163 411 711 807 897]
5



[144 459 547 698 712 804 874 898]
8



[ 146  899 1001]
3



[  0 172 278 643 777 900 993]
7



[289 409 451 668 710 757 852 901]
8



[167 902]
2



[197 417 795 903 960]
5



[705 904]
2



[ 185  289  675  728  849  905 1007]
7



[134 137 218 403 769 824 850 906 916 985]
10



[402 473 483 680 814 907]
6



[522 604 878 908]
4



[447 559 670 712 909]
5



[645 683 706 786 845 910]
6



[ 173  268  439  838  911 1022]
6



[129 288 706 777 882 912]
6



[256 341 421 440 539 835 906 913 992]
9



[134 256 286 426 433 570 672 842 914 991]
10



[  3 390 408 497 567 674 915 948]
8



[145 397 434 471 484 592 671 672 764 787 861 916]
12



[ 177  447  705  848  917 1017]
6



[130 918 987]
3



[295 339 443 563 919]
5



[345 539 641 714 920 941]
6



[402 437 479 808 845 900 921]
7



[390 649 720 783 922]
5



[280 465 478 575 668 762 923 995]
8



[ 29 438 479 504 640 667 686 825 903 924 970 977]
12



[265 472 648 702 925]
5



[186 268 714 779 878 926]
6



[ 29 154 393 559 643 826 927 965]
8



[ 48 132 576 928 955]
5



[265 434 448 613 752 815 920 929]
8



[  2 227 292 496 775 776 878 930 971]
9



[139 447 513 567 825 931 948]
7



[ 244  880  932 1001 1022]
5



[495 831 933]
3



[183 291 492 688 739 813 915 934 970 980]
10



[ 55 171 471 883 935]
5



[ 388  431  784  889  936 1012]
6



[298 317 353 384 492 559 645 700 712 804 937 994]
12



[232 366 507 751 768 831 921 933 938]
9



[545 642 835 939]
4



[476 544 940]
3



[392 675 709 744 767 824 941]
7



[138 439 551 638 716 747 868 942 991]
9



[317 396 526 943]
4



[592 662 872 944]
4



[ 53 144 288 393 562 669 940 945 984]
9



[ 311  394  464  538  811  946  963 1000]
8



[ 146  451  501  692  947 1002]
6



[172 245 278 441 760 773 819 948 977]
9



[213 493 659 818 868 895 949 967 976]
9



[659 677 752 950 991]
5



[ 255  500  726  951 1017]
5



[497 765 873 897 952]
5



[161 379 536 653 659 779 818 849 892 932 953]
11



[138 188 302 415 491 542 555 829 872 916 954 985]
12



[ 250  297  306  387  639  649  700  792  955  989 1014]
11



[ 28 168 292 478 560 637 956 992]
8



[172 284 756 881 912 957 999]
7



[ 411  571  746  958 1017]
5



[ 62 155 412 499 684 761 794 959 971 997]
10



[ 198  467  490  581  922  960 1013]
7



[196 505 877 961]
4



[162 395 769 947 962]
5



[219 335 389 650 754 934 963]
7



[200 386 524 789 877 905 935 964]
8



[  5 221 399 965]
4



[202 231 354 399 449 869 938 966]
8



[578 967]
2



[256 345 781 953 968]
5



[ 969 1006]
2



[347 680 771 970]
4



[205 328 466 583 971]
5



[238 300 526 730 777 874 898 917 972]
9



[334 357 511 527 648 829 939 973]
8



[451 472 604 666 704 841 974]
7



[366 427 643 685 725 807 851 904 958 975 994]
11



[244 322 348 659 762 976]
6



[ 65 249 389 456 600 627 715 864 898 977]
10



[ 226  371  384  455  476  634  705  945  958  978 1003]
11



[146 259 409 661 973 979]
6



[ 80 349 792 876 980]
5



[ 205  677  889  896  981 1004]
6



[230 382 532 631 702 982]
6



[210 438 462 509 606 646 703 857 882 909 945 983]
12



[136 222 284 469 723 825 894 900 927 984]
10



[661 681 899 985]
4



[200 280 426 668 896 911 986]
7



[ 89 394 441 853 912 951 987]
7



[206 285 410 607 628 790 878 932 962 988]
10



[ 89 456 703 989]
4



[335 538 596 746 797 907 934 990]
8



[158 253 443 535 750 793 902 956 991]
9



[168 227 304 321 468 632 939 992]
8



[585 957 993]
3



[170 374 640 994]
4



[193 339 416 454 827 995]
6



[102 293 679 688 879 958 996]
7



[233 416 477 806 911 968 997]
7



[714 755 880 998]
4



[ 294  469  490  990  999 1017]
6



[ 476  588  624  700  763  792  833  894  900  945  978 1000]
12



[ 185  227  587  721 1001]
5



[ 827 1002]
2



[ 418  571  610  897  951 1003]
6



[ 239  301  709  761 1004]
5



[ 380  441  479  753  766  948 1005]
7



[ 300  418  474  588  715  778  903  948 1006]
9



[ 738 1007]
2



[1003 1008]
2



[  49  224  385  445  617  631  803  824  919 1009]
10



[ 446  491  827  849 1010]
5



[  99  219  378  401  427  486  531  673  918 1011]
10



[ 182  220  701  796 1012]
5



[ 165  215  483  609  934 1013]
6



[ 150  338  444  612  821  867  943 1000 1014]
9



[ 167  244  493  613  662  707  733  775  875  930 1015]
11



[ 236  352  446  584  668 1016]
6



[ 245  337  492  561  705  917  943 1017]
8



[ 464  509  910 1018]
4



[ 446  835 1019]
3



[ 125  452  725  746  780  821 1020]
7



[ 121  309  541  849  901 1021]
6



[ 244  364  422  475  631  728  824  914  992 1022]
10



[ 486  670  839  884  938 1023]
6



[229 248 341 346 436 583 787]
7



[125 287 390 469 616 708 811 915]
8



[111 201 269 318]
4



[ 94 174 181 310 388 575 662 805]
8



[ 89 178 368 424 711]
5



[433 457 560 737]
4



[ 56 155 370 458 661 911 998]
7



[187 192 340 394 612 673 780 821 965]
9



[209 237 291 377 490 559 605 736 826 898 940 984]
12



[127 220 276 334 721]
5



[127 285 342 364 403 557 614 665]
8



[332 600 826]
3



[283 327 336 386 445 478 488 575 598 632 647 665 682 704 749 809 861 868]
18



[216 255 311 347 444 615 640 748 771]
9



[125 160 387 408 568 599 658 879 927 938]
10



[421 458 532 570 584 695 731 926]
8



[197 243 442 525 828]
5



[328]
1



[107 185 223 334 675 714 902 944]
8



[ 92 288 469 674 730 927]
6



[465 552]
2



[306 420 544 585 780 825 863 869 918]
9



[ 89 106 175 243 320 411 523 624 639 693 797 858]
12



[ 64 357 431 602 628 656 699 895]
8



[117 321 351 692]
4



[ 54 135 212 293 320 432 516 559 658 715 873]
11



[189 204 260 297 311 649 735 785 802 840]
10



[193 505 728 849 890]
5



[198 338 514 593 686 688 730 813 836 863 918]
11



[ 67 104 460 522 841 920]
6



[133 168 194 309 434 468 569 719 784 810 895 986]
12



[166 437 858]
3



[190 202 249 311 404 427 588 594 646 649 778 870 873]
13



[174 445 584 738 835 935]
6



[203 247 265 410 529 583 628 662 677 750 772 944]
12



[864 879]
2



[157 385 431 529 618 809]
6



[ 75  86 136 404 514 683 780]
7



[184 284 591 616 791 836 867]
7



[ 84 206 241 273 758 885 929 942]
8



[167 193 355 542 587 653 793 890 929]
9



[335 378 516 622 715 816 840 921]
8



[147 332 429 432 567 582 603 640 754 786 879 931]
12



[ 22  76 457 487 541 577 648 659 823 929]
10



[ 113  335  378  438  698  736  798 1006]
8



[ 67 176 217 290 328 481 536 563 638 671 678 716 769 782]
14



[502 569 653]
3



[120 258 308 414 509 586 643 951]
8



[ 13 191 584 770 947 992]
6



[195 282 340 418 667 679 725 831 851 869]
10



[101 149 198 420 596 938]
6



[ 93 214 382 400 415 426 583 672 757 899]
10



[332 383 413 525 582 697 759 768]
8



[ 26 137 440 511 515 552 793]
7



[140 580]
2



[ 80 252 257 284 377 643 742 811 894]
9



[139 652 658 891]
4



[200 348 737 803]
4



[100 131 233 339 348 409 598 611 637 689]
10



[   5  215  349  414  437  498  591  669  952 1023]
10



[ 73 262 397 625 690 744 823]
7



[ 18 139 231 270 363 374 497 520 657 795 937]
11



[215 264 277 347 586 742 811]
7



[234 241 334 357 410 517 611 620 654 690]
10



[ 39 154 207 243 270 306 387 473 523 674 904]
11



[ 55 164 842 896 985]
5



[ 59 182 295 388 410 548 601 631 769]
9



[ 92 238 264 287 427 624 887 915]
8



[ 91 271 477 552 626 728 806 908]
8



[  57  639  857  975 1013]
5



[235 360 407 449 474 533 556 609 679 717 723 786]
12



[ 138  233  381  460  482  530  731  982 1007]
9



[133 223 454 545]
4



[   6   53  315  429  452  497  556  697  801  893 1003]
11



[ 39 197 255 257 306 748 814 867]
8



[ 62 100 289 376 398 443 517 598 671 716 787]
11



[ 23 165 170 255 294 414 603 615 655 725 848 969]
12



[388 409 769 868]
4



[ 81 280 370 446 487 488 632 835]
8



[ 60 293 315 340 413 634 667 798]
8



[289 565 709 714 764]
5



[  58  136  330  461  514  897 1013]
7



[ 57 129 142 232 264 380 588 742 864 887 915]
11



[ 76 162 185 362 372 472 481 614 641 733 803 832 889]
13



[270 384 514 591 705]
5



[137 188 268 331 527 752 838 895 979]
9



[ 25 422 738 796 849 964]
6



[  12  166  192  329  435  476  485  562  636  643  717  977 1014]
13



[ 53 300 534 706 756 778 851 864]
8



[  2 103 133 244 364 440 448 847 988]
9



[117 145 182 279 457 617 682 849 886]
9



[ 246  450  567  711  746  765  969 1011]
8



[  1 557 895]
3



[ 54 177 489 705 726 843]
6



[ 36 325 360 725]
4



[112 194 316 472 536 565 647 971]
8



[ 13 299 451 587 722 770 883]
7



[184 246 326 383 429 435 473 649 674 708 763 825 999]
13



[ 12  17 169 180 197 216 497 596 650 963]
10



[ 61  94 262 265 364 466 681 847 899]
9



[417 540]
2



[145 254 477 518 618 752 815]
7



[ 26 592]
2



[ 10  60 150 160 250 260 306 350 430 513 706 813]
12



[177 272 562 582 593 763]
6



[ 295  334  426  565  583  592  672  733 1016]
9



[134 220 770]
3



[   0   85  216  228  263  282  550  606  887  931  975 1018]
12



[ 16 463 545 566 871]
5



[ 30  48 246 315 354 652 735 736 969]
9



[201 240 399 438 485 507 523 562 739 831]
10



[ 50 214 415 426 580 595 827]
7



[111 384 485 664 745]
5



[ 70 351 827 871]
4



[203 488 539 565 583 944 986]
7



[  77  432  606  715  822 1018]
6



[ 35  91 262 733]
4



[153 278 300 389 525 663 705 760 839]
9



[263 600 688 748]
4



[171 218 261 290 761 820]
6



[  31  137  206  213  266  475  529  809 1002]
9



[  15  231  272  291  325  442  467  480  520  549  596  688  828  879  882
  937  984 1013]
18



[   3   12  500  585  867  946 1017]
7



[  1 157 271 410 433 758 809 991 995]
9



[178 325 533 591 753 780 848 948]
8



[167 234 425 472 499 527]
6



[  21  167  185  280  434  844  850 1015]
8



[141 166 332 455 473 526 600 884]
8



[ 46 215 332 500 547 568 667 694 804 965]
10



[191 482 493 536 865 935 981]
7



[307 328 342 425 475 580 677 699 713]
9



[238 240 278 303 550 712 741 778 839 987]
10



[ 73 185 301 415 465 702 733 806 832 949]
10



[ 24 125 340 414 556 593 768]
7



[ 48 250 300 447 579 751 768 783]
8



[ 94 109 524 769]
4



[   7   49   84   91  254  285  314  334  361  406  421  577  710  749  956
 1002]
16



[101 166 337 402 455 556 792 987]
8



[401]
1



[ 49 421]
2



[  3 335 510 544 694 828 922]
7



[ 26  97 234 331 484 505 535 699 757 837]
10



[ 35  61 292 403 425 477 487 552 604 665 838 930 968]
13



[ 60 119 178 212 315 323 408 492 538 547 712 777 989]
13



[ 44 118 229 262 314 419 542 597 906 950]
10



[ 40 207 252 629 726 963]
6



[123 447 504 600 679 708]
6



[463 501 578 743 982]
5



[ 34 293 368 474 952]
5



[  2 109 227 327 551 560 681 772 920]
9



[ 203  266  351  796  806  850 1012]
7



[172 269 427 500 650 771]
6



[ 65 228 235 378 438 533 685 777 798 900]
10



[112 164 256 331 391 719 787 944 959]
9



[241 262 316 405 558 560 635 701 738]
9



[258 509 519 573 745 766]
6



[ 47  73 179 229 234 296 448 463 565 570 607 647 681 856 944]
15



[ 72 462 549 691 922]
5



[ 83 245 258 685 797 814 858 907]
8



[  4 162 244 259 348 458 522 566 635 707 789 847 902 939]
14



[  59   74  211  259  324  611  762  947 1012]
9



[114 258 269 486 573 694 706 760 921]
9



[  12   27  252  263  378  414  437  467  513  616  627  730  804 1014]
14



[112 358 409 569 613 618 758 949]
8



[284 670 759]
3



[242 426 628 651 815]
5



[ 41 157 433 468 542 618 659 803]
8



[232 306 534 718 754 765 771]
7



[  29  257  461  483  516  574  732  960 1018]
9



[ 211  273  388  410  762  805  961 1004]
8



[ 79 118 217 265 481 671 815 998]
8



[  30   48  132  215  317  634  658  718  795  873  903 1011]
12



[324 381 405 666 675 704 997]
7



[288 363 452 543 715 897 938]
7



[459 693 822 924 928]
5



[ 25  50  97 244 266 379 457 482 565 614 733 755 847 923 997]
15



[318 354 413 474 516 573 609 663 888]
9



[109 203 254 296 321 410 471 628 662 709 784 805 899]
13



[ 31 173 295 339 395 405 454 488 511 515 632 794 800 953 976]
15



[ 30 308 430 533 603 609 922]
7



[ 319  369  721  806 1010]
5



[ 86 192 325 516 658 680 813]
7



[ 12 111 169 519 573 596 723 894]
8



[110 112 276 327 555 595 761 817 941 954]
10



[ 97 286 362 419 641 992]
6



[  20   46  311  368  785  943 1013]
7



[129 245 368 479 486 520 561 736 858 910]
10



[ 98 220 376 397 458 661 991]
7



[  5  89 102 207 210 264 390 490 804 912]
10



[ 22 200 295 481 654 830 932]
7



[ 13 104 117 161 208 367 395 647 648 930]
10



[129 204 680 891 948]
5



[  22  115  174  253  358  425  613  758  769  902 1009]
11



[ 43 102 159 281 360 500 658 679 697 907]
10



[ 120  423  741  928 1011]
5



[333 370 472 762 947]
5



[  54  249  514  624  730  833  870  910 1005]
9



[309 352 535 557 750 962 991]
7



[155 259 310 352 457 508 535 611 638 668 690 744]
12



[  33   54  585  612  639 1003 1014]
7



[  95  116  270  938 1017]
5



[174 351 443 642 740 779 837 889]
8



[ 28 271 274 358 409 733 810 859]
8



[ 34 113 282 435 559 673 938 977]
8



[121 181 382 422 536 607 618 662 743 901 956 986]
12



[  17  106  116  184  210  344  603  773  879 1000]
10



[ 225  287  427  674 1000]
5



[265 341 403 421 502 505 517 522 601 638 799 838 908 961]
14



[ 40 165 514 606 711 888 987]
7



[439 953]
2



[256 334 391 433 661]
5



[ 92 263 414 504 534 547 655 897]
8



[ 26 415 440 535 548 589 632 701 743 796 901]
11



[175 178 670 903]
4



[111 447 461 567 741]
5



[285 626 885 901 985]
5



[174 227 443 542 625 651 710 852 961]
9



[  68  163  246  350  450  571  736  797  937 1011]
10



[177 231 469 520 674 798 857]
7



[ 13  50 167 319 376 493 535 642 716 841]
10



[111 300 432 599 922]
5



[ 59  74 448 491 572 687]
6



[ 13 117 279 620]
4



[277 323 394 438 540 621 630 693]
8



[119 150 293 408 455 553 582 751 768 867 970]
11



[589 635 932]
3



[ 56 155 339 382 986]
5



[298 544 698]
3



[355 385 767]
3



[ 86 123 147 216 366 550 718 813 903]
9



[ 53 609]
2



[ 84  91 157 262 309 535 637 699 941]
9



[280 324 465 614 755 842 942]
7



[561 650 703 754 952]
5



[197 353 476 503 538 735]
6



[208 322 410 602 779 941 991]
7



[  0  58 113 159 354 427 437 526 660 697 836 879 909 958 993]
15



[ 59 128 289 362 440 590 631 647 665 724 815 868 908 949]
14



[ 217  328  391  412  617  675  991 1016]
8



[ 27 210 473 525 567 582 643 697 934]
9



[  26   73   87  206  439  580  659 1004]
8



[438 474 581 603 616]
5



[ 33 111 377 408 640 887]
6



[  1  61 104 138 322 440 855 899 949 998]
10



[   0   23  153  294  312  353  456  467  495  540  876  958  994 1017]
14



[ 16  67  76 122 143 307 352 388 575 925 935]
11



[ 97 336 505 551 632 671 956]
7



[277 303 356 377 411 543 561 596 658 683 736 957]
12



[ 45 305 356 483 882 970]
6



[ 37 131 265 410 595 638 690 743 824 913 988]
11



[ 38 137 151 196 266 463 542 552 628 733 923 982]
12



[197 275 318 335 368 543 568 686]
8



[179 203 324 426 466 481 541 558 560 635 666 681 738 886 932 974]
16



[ 27 144 318 344 423 424 593 615 863]
9



[399 485 526 564 664]
5



[ 28 176 405 428 597]
5



[ 23  99 141 166 624 658 828 851 910 917 994]
11



[104 117 176 196 398 439 527 569 611 648 842 967]
12



[ 88 107 405 796 872 976]
6



[ 20  45  89 142 177 192 373 413 609 674 798 816 845 943 970 977]
16



[530 647 704 988]
4



[ 75 108 142 163 192 298 593 819 893]
9



[  9  51 159 170 210 887 990 994]
8



[239 532 695 710 818 926 939 979]
8



[ 94 234 446 475 529 570 578 644 651 820 961]
11



[  63   80  149  184  204  366  531  605  640  685  807  816  834  891  975
  977 1000]
17



[ 92 153 250 435 479 547 797 822 836 879 903]
11



[140 167 369 445 541 784 890 947]
8



[154 221 291 485 864 984]
6



[ 97 145 168 199 304 749 830 849 991]
9



[385 557 923]
3



[ 66 123 222 353 513 669]
6



[ 38 505 524 641 662 923 930]
7



[ 60 123 332 359 459 509 516 547 629 822 924]
11



[240 335 456 561 831]
5



[ 73 182 227 505 631 861 949]
7



[ 83 135 267 537 582 840 996]
7



[ 76  91 118 146 314 472 563 613 950]
9



[247 265 352 512]
4



[132 187 330 464 549 639 768 845 966 987]
10



[ 86 130 169 204 240 420 509 593 730 801 863 882 980]
13



[ 55 122 133 355 496 515 532 896]
8



[ 76 134 292 734 899]
5



[ 77 469 489 498 533 562 893 951]
8



[134 236 358 539 589 598 661 770 849]
9



[   6  108  183  528  574  729  778  819  888 1023]
10



[ 36  71 125 141 305 329 523 567 735 903 946]
11



[174 419 458 806 835 985]
6



[445 491 518 823 842 942]
6



[ 80 231 380 408 450 537 556 627 640 831 909]
11



[ 116  243  437  464  526  634  679  881 1003 1014]
10



[ 896 1010]
2



[  15   24   66  170  402  462  573  688  839  994 1005]
11



[ 22 176 370 446 617 641 973]
7



[176 369 392 563 613 758 809 895]
8



[   9  149  272  360  470  509  621  703  882  915 1006]
11



[166 250 402 476 514 585 664 683 858 893 958]
11



[ 31 253 274 446 465 623 737]
7



[ 31 115 137 167 699 832 859 926]
8



[  6 113 129 655 921]
5



[ 26 167 254 259 463 555 632 817 871]
9



[ 23  34  68 350 526 616 639 826 884 928]
10



[  20   75  114  525  700 1023]
6



[  2 328 342 410 477 552 589 671 905 949]
10



[ 23 105 165 209 269 556 736 798 874 978]
10



[131 188 382 477 484 595 866 961]
8



[230 388 536 555 638 782 789]
7



[ 36 326 349 360 533 610 667 673 768 798 978]
11



[334 569]
2



[ 34 282 320 390 424 510 676 765 857 924]
10



[149 228 255 455 490 634 700 778 867]
9



[107 124 185 412 506 837 878]
7



[117 254 324 398 529 548 575 682 761 770 865]
11



[209 389 564 780 882]
5



[  3  45 159 467 492]
5



[  74  248  536  702  789  841  880  986 1015]
9



[ 89 335 474 489 562 918 989]
7



[  16   97  151  164  563  601  790  871  890  942 1001]
11



[107 185 770 939]
4



[246 393 562 629 792 801 938]
7



[234 740 793 805]
4



[  45   78  311  396  561  706 1011]
7



[ 43 142 318 365 627 946]
6



[  31   76  224  247  296  431  522  597  722  781  919  930 1009]
13



[  34  195  771  822 1020]
5



[ 31 247 266 313 382 590 856]
7



[602 779]
2



[ 18 105 315 510 646 801 893 996]
8



[ 71 622 708 774 825]
5



[ 61 133 168 386 412 618 749 827 850 964]
10



[   7  248  428  988 1019]
5



[   0   46  390  464  582  605  802  831  990 1017]
10



[   7   91  214 1002 1012]
5



[636 907 999]
3



[ 402  473  483  538  556  610  934 1018]
8



[ 26  64 134 276 313 598 671 830 856 908]
10



[  9 503 568 756 946 966]
6



[109 268 395 406 421 722]
6



[  55   56   76  138  261  302  361  433  487  508  546  583  638  776  899
  981 1019]
17



[ 130  294  490  519  657 1017]
6



[ 73 223 506]
3



[  3 207 306 390 534 561 585 723 765 768 888]
11



[ 10  39 190 228 396 418 576 771 814 970]
10



[  26   47  100  316  443  494  577  661  805 1012]
10



[  50  157  254  428  529  578  865 1002]
8



[ 68 106 119 263 712 846 922]
7



[  23   43  136  207  413  430  579  729  853  870  972 1003 1008]
13



[ 13 324 494 569 584 762 880]
7



[  53  105  153  192  257  303  459  497  574  593  760 1006]
12



[ 62  74 100 137 262 370 539 631 661 878 911 997]
12



[  42  115  304  428  572  750  849 1016]
8



[195 401 444 540 593 825]
6



[123 396 503 933 980]
5



[440 511 529 587 743 985]
6



[121 316 341 388 515 552 710 747 817]
9

