

[  9  19  23  39  42  52  61  89 119 136 142 158 188 192 195]
15



[  0  10  16  32  52  53  61  64  79  84  97 140 144 177]
14



[  7  40  61  70  72  79  88  89  90  94 137 155 187 192]
14



[ 41  54  64  70  72  78 125 136 139 149 171 195]
12



[  4   8  40  46  59  77  86  87 105 125 137 141 149 150]
14



[ 10  32  43  52  61  64  68  71  79  89  97 132 134 164 180]
15



[  5  30  32  39  54  64  71  73  94  99 121 136 139 164]
14



[  0   5  21  22  30  32  39  52  61  71  84  94  97 123 182]
15



[ 32  41  50  55  61  70  72  89  90  95 114 140 155 197]
14



[ 18  25  41  61  64  79  91  97 101 107 138 140 176 199]
14



[  0  10  30  38  53  64  72 140 144 145 149 153 177 197]
14



[ 11  18  27  28  37  53  64  70  78  92 116 126 138 160 164 185 191]
17



[ 12  18  23  24  29  47  51  71  96 104 136 142 188 195 197]
15



[  5  30  32  39  54  64  71  73  94  99 121 136 139 164]
14



[  5   8  15  16  46  52  72  77  89 106 119 122 160 174 175]
15



[  0   5  21  22  30  32  39  52  61  71  84  94  97 123 182]
15



[  8  10  15  16  46  54  72  77  89 119 122 130 138 149 160]
15



[  5   8  15  21  23  48  54  89  91 102 106 153 159]
13



[ 18  19  23  47  54  61  71  89  90 104 119 136 142 188 195]
15



[ 18  19  23  47  54  61  71  89  90 104 119 136 142 188 195]
15



[ 59  61  64  71  94  97 101 131 136 137 149 150 164 197]
14



[  0   5  21  22  30  32  39  52  61  71  84  94  97 123 182]
15



[  8  22  46  50  63  77  89 115 123 130 137 153 162 173]
14



[ 18  19  23  47  54  61  71  89  90 104 119 136 142 188 195]
15



[  9  19  23  39  42  52  61  89 119 136 142 158 188 192 195]
15



[  6   9  18  52  61  64  68  79  84  91  98 144 174 184 199]
15



[  1   6  20  37  45  61  64 104 107 116 131 154 167 195]
14



[ 27  37  38  39  44  45  54  64  70  84  91 106 140 153]
14



[  5  32  33  44  54  67  70  73  89  99 121 136 159 164]
14



[ 12  18  23  24  29  47  51  71  96 104 136 142 188 195 197]
15



[ 20  21  32  33  61  62  64  70 116 132 134 136 164 180]
14



[  6   9  10  13  41  45  61 119 138 158 168 182 189 195]
14



[ 59  61  64  71  94  97 101 131 136 137 149 150 164 197]
14



[  5  21  32  33  39  61  70  88  90 116 159 164 176 180 199]
15



[  6   9  18  52  61  64  68  79  84  91  98 144 174 184 199]
15



[ 10  25  64  68  79  80  90  93  98 107 144 184 194 197]
14



[  4  25  36  65  70  90 103 117 122 138 140 147 152 175]
14



[ 27  37  38  39  44  45  54  64  70  84  91 106 140 153]
14



[  0   2   7  14  63  71  79  85 131 134 137 163 192]
13



[  0  16  51  64  79  85 105 112 115 137 144 168 182 184]
14



[ 32  40  46  54  55  57  61  72  89  90 114 134 161 165 180]
15



[ 18  19  23  47  54  61  71  89  90 104 119 136 142 188 195]
15



[  2   5  21  30  32  52  67  71  88  89  94 123 136 153 164]
15



[  5   9  21  22  23  39  54  61  71  84  89  91  94 102 188]
15



[  5   9  22  23  39  54  61  70  84  89  91  94 102 119 158 188]
16



[  6   9  18  24  45  64  71  75 116 140 190 194 195 199]
14



[ 16  30  46  72  86  89 124 138 149 160 166 168 173 175]
14



[ 19  23  43  47  52  61  68  71  89  90 134 136 142 180 188]
15



[  2  27  32  44  54  67  70  89 106 114 140 151 153 159]
14



[  0  30  36  64  71  90  94 101 117 131 145 174 183 197]
14



[ 32  41  50  55  61  70  72  89  90  95 114 140 155 197]
14



[  7   9  34  42  51  74 113 127 136 139 153 162 169]
13



[  5   8  15  16  46  52  72  77  89 106 119 122 160 174 175]
15



[  0  10  30  38  53  64  72 140 144 145 149 153 177 197]
14



[ 18  19  23  47  54  61  71  89  90 104 119 136 142 188 195]
15



[  6   9  18  52  61  64  68  79  84  91  98 144 174 184 199]
15



[ 18  19  23  47  54  61  71  89  90 104 119 136 142 188 195]
15



[  0   7  10  30  32  39  61  76  90 144 158 168 182 192]
14



[  7  10  16  32  47  52  61  64  68  71  84  89 132 180]
14



[  9  19  23  39  42  52  61  89 119 136 142 158 188 192 195]
15



[  0   7  10  30  32  39  61  76  90 144 158 168 182 192]
14



[  8  15  16  41  59  77  97 110 119 130 137 138 149 150 197]
15



[ 18  19  23  47  54  61  71  89  90 104 119 136 142 188 195]
15



[ 16  41  59  61  64  79 101 111 138 164 181 183 184 197]
14



[ 27  37  38  39  44  45  54  64  70  84  91 106 140 153]
14



[  5  23  40  44  55  57  61  65  72  86  89  90  94 137 187]
15



[ 21  31  54  74  91 106 127 137 144 153 159 170 173]
13



[  2   9  15  22  32  39  54  70  89 106 114 153 155 192]
14



[ 18  32  61  68  79  90  98 107 144 159 174 184 197 199]
14



[  8  23  46  54  57  72  78  89  90 134 136 137 192 195]
14



[  7  40  61  70  72  79  88  89  90  94 137 155 187 192]
14



[ 19  23  43  47  52  61  68  71  89  90 134 136 142 180 188]
15



[ 32  41  50  55  61  70  72  89  90  95 114 140 155 197]
14



[  5  27  36  54  55  64  67  70  73  80  89  91  99 102 106]
15



[ 24  33  37  65  90 117 122 140 144 145 158 190 194 197]
14



[ 12  18  23  24  29  47  51  71  96 104 136 142 188 195 197]
15



[ 32  33  61  70  76  88  89  90 136 151 159 164 192 197]
14



[  8  15  16  41  59  77  97 110 119 130 137 138 149 150 197]
15



[  1   6   8  15  16  41  59  77  97 110 119 127 130 137]
14



[  3   7  18  32  64  68  70  79  80  90 112 140 144 187]
14



[  5  27  36  54  55  64  67  70  73  80  89  91  99 102 106]
15



[ 27  51  74  88  98 103 113 142 146 165 178 179 188 197]
14



[  5   9  21  22  23  39  54  61  71  84  89  91  94 102 188]
15



[  5   8  30  52  76  80  86  88  90 108 109 187 191]
13



[  3   7  18  32  64  68  70  79  80  90 112 140 144 187]
14



[  8  10  15  30  36  46  54  72  89 106 114 122 149 153]
14



[  6  18  37  41  45  64  75  84  91 105 131 154 182 185]
14



[  1  33  38  41  43  61  87  90 104 131 133 137 157 197]
14



[ 32  33  61  70  76  88  89  90 136 151 159 164 192 197]
14



[  8  10  15  16  46  54  72  77  89 119 122 130 138 149 160]
15



[ 38  41  55  61  64  70  72  89  90 140 171 183 195 197]
14



[  2  14  39  84  85  98 100 123 131 142 146 156 161 167 195]
15



[  0  10  27  30  32  47  64  71  84  89  92 115 153]
13



[ 10  25  64  68  79  80  90  93  98 107 144 184 194 197]
14



[ 20  21  32  33  61  62  64  70 116 132 134 136 164 180]
14



[  0  15  19  32  34  61  89  90  94  95 155 158 192 197]
14



[ 19  23  43  47  52  61  68  71  89  90 134 136 142 180 188]
15



[  8  10  27  32  35  50  89 114 151 153 159 164 181 197]
14



[ 18  19  23  47  54  61  71  89  90 104 119 136 142 188 195]
15



[  5  30  32  39  54  64  71  73  94  99 121 136 139 164]
14



[  5   9  21  22  23  39  54  61  71  84  89  91  94 102 188]
15



[  2   5  21  30  32  52  67  71  88  89  94 123 136 153 164]
15



[  5   9  21  22  23  39  54  61  71  84  89  91  94 102 188]
15



[  1  33  38  41  43  61  87  90 104 131 133 137 157 197]
14



[  1   6  20  37  45  61  64 104 107 116 131 154 167 195]
14



[  3   6  18  37  41  45  54  64  84 105 138 190 195]
13



[  8  10  30  38  43  52  53  64 106 115 141 144 153]
13



[ 59  61  64  71  94  97 101 131 136 137 149 150 164 197]
14



[  3   7  18  32  64  68  70  79  80  90 112 140 144 187]
14



[ 11  18  27  28  37  53  64  70  78  92 116 126 138 160 164 185 191]
17



[  7  16  49  61  77  85  86 110 138 144 149 150 159 193]
14



[ 41  50  59  70  89  94 111 120 130 138 153 164 183 197]
14



[  5   6   9  22  39  45  61  64  71  84  91 154 180 199]
14



[ 34  47  51  68  90  98 113 128 136 150 165 178 188 197]
14



[ 18  19  23  47  54  61  71  89  90 104 119 136 142 188 195]
15



[  8  19  27  32  40  54  57 106 114 116 159 161 169 192 199]
15



[  9  19  23  39  42  52  61  89 119 136 142 158 188 192 195]
15



[ 22  36  55  80  97 103 131 141 142 145 148 165 197]
13



[  8  10  15  16  46  54  72  77  89 119 122 130 138 149 160]
15



[  9  19  23  39  42  52  61  89 119 136 142 158 188 192 195]
15



[  0  29  37  38  53  63  64  78 104 140 144 153 177 197]
14



[  5  32  33  44  54  67  70  73  89  99 121 136 159 164]
14



[ 15  16  30  31 107 122 144 159 162 178 184 194 197]
13



[  6  16  52  61  71  77  84  89 119 122 132 142 167 195]
14



[ 18  19  23  47  54  61  71  89  90 104 119 136 142 188 195]
15



[  3   7  18  32  64  68  70  79  80  90 112 140 144 187]
14



[  6  18  37  41  45  64  75  84  91 105 131 154 182 185]
14



[  5   9  22  23  39  54  61  70  84  89  91  94 102 119 158 188]
16



[ 20  37  39  45  60  61  64  70 116 128 140 154 182 195]
14



[  8  27  36  54  63  64  67  89 102 129 138 148 149 153]
14



[ 11  15  22  23  35  54  67  70  89  91  94 119 130 192]
14



[ 32  40  61  85  90 107 116 118 122 131 150 159 191 199]
14



[  6   9  18  52  61  64  68  79  84  91  98 144 174 184 199]
15



[  7   8  64  72  81  89 124 127 136 137 138 153 162]
13



[ 41  47  54  61  64  72  89  90 104 136 137 138 195]
13



[  9  19  23  39  42  52  61  89 119 136 142 158 188 192 195]
15



[ 18  19  23  47  54  61  71  89  90 104 119 136 142 188 195]
15



[  0   7  10  30  32  39  61  76  90 144 158 168 182 192]
14



[  8  23  46  54  57  72  78  89  90 134 136 137 192 195]
14



[  5  30  32  39  54  64  71  73  94  99 121 136 139 164]
14



[  0  10  30  38  53  64  72 140 144 145 149 153 177 197]
14



[  8  10  27  32  35  50  89 114 151 153 159 164 181 197]
14



[  5   9  21  22  23  39  54  61  71  84  89  91  94 102 188]
15



[  8  40  46  54  77  87 105 114 122 125 141 149 163 195]
14



[  0  16  51  64  79  85 105 112 115 137 144 168 182 184]
14



[ 32  41  50  55  61  70  72  89  90  95 114 140 155 197]
14



[  6   8  17  20  26  27  55  64  80  91 105 131 139]
13



[  8  18  34  81  89 130 136 138 162 165 181 183 188 197]
14



[  5  32  47  55  57  61  64  65  72  89  90 134 154 180 187]
15



[  8  15  16  41  59  77  97 110 119 130 137 138 149 150 197]
15



[  8  15  16  41  59  77  97 110 119 130 137 138 149 150 197]
15



[  8  10  15  30  36  46  54  72  89 106 114 122 149 153]
14



[  6  24  47  54  57 116 118 136 137 138 165 179 190 194]
14



[  0  15  22  32  34  61  70  94 135 158 188 191 192 197]
14



[  5   8  15  16  46  52  72  77  89 106 119 122 160 174 175]
15



[  8  15  16  41  59  77  97 110 119 130 137 138 149 150 197]
15



[  9  19  23  39  42  52  61  89 119 136 142 158 188 192 195]
15



[  2  17  40  72  85  98 100 123 127 131 133 146 161 195]
14



[  9  19  23  39  42  52  61  89 119 136 142 158 188 192 195]
15



[ 32  35  67  70  88  89  94 120 136 153 159 164 192 197]
14



[ 18  25  41  61  64  79  91  97 101 107 138 140 176 199]
14



[ 32  40  46  54  55  57  61  72  89  90 114 134 161 165 180]
15



[  1   6   8  20  22  45  55  57  64  72  91 107 131 154 160]
15



[  8  36  46  54  72  77 103 106 122 138 149 153 163 173]
14



[  8  10  15  30  36  46  54  72  89 106 114 122 149 153]
14



[ 32  33  61  70  76  88  89  90 136 151 159 164 192 197]
14



[  5   8  15  23  30  38  43  52  89 106 122 153 157 158]
14



[ 18  19  23  47  54  61  71  89  90 104 119 136 142 188 195]
15



[  8  10  15  30  36  46  54  72  89 106 114 122 149 153]
14



[  2   5  21  30  32  52  67  71  88  89  94 123 136 153 164]
15



[  6   9  18  52  61  64  68  79  84  91  98 144 174 184 199]
15



[ 18  19  23  47  54  61  71  89  90 104 119 136 142 188 195]
15



[ 38  41  55  61  64  70  72  89  90 140 171 183 195 197]
14



[ 27  32  35  50  66  70  74 108 159 164 176 191 197 199]
14



[  1  30  38  41  61  64  72  89  90 104 171 174 195 197]
14



[  8  10  15  16  46  54  72  77  89 119 122 130 138 149 160]
15



[  5  21  32  33  39  61  70  88  90 116 159 164 176 180 199]
15



[ 10  16  41  59  61  64  79  89  97 111 138 164 181 197]
14



[ 18  61  68  79  85  91  98 107 142 144 159 174 184 199]
14



[  6   8  15  16  41  59  72  77 110 119 127 130 137 138 179 182]
16



[ 19  23  43  47  52  61  68  71  89  90 134 136 142 180 188]
15



[  8  10  27  32  35  50  89 114 151 153 159 164 181 197]
14



[  7  18  42  47  61  85  90 101 107 110 116 119 138 152 168 176]
16



[ 18  19  23  47  54  61  71  89  90 104 119 136 142 188 195]
15



[  8  18  27  35  45  54  64  78  91 116 138 148 176]
13



[  8  18  27  36  88  97  98 132 165 169 190 191 197 199]
14



[ 19  23  43  47  52  61  68  71  89  90 134 136 142 180 188]
15



[ 32  41  50  55  61  70  72  89  90  95 114 140 155 197]
14



[  9  19  23  39  42  52  61  89 119 136 142 158 188 192 195]
15



[  6   9  18  52  61  64  68  79  84  91  98 144 174 184 199]
15



[ 19  23  43  47  52  61  68  71  89  90 134 136 142 180 188]
15



[  0   5  21  22  30  32  39  52  61  71  84  94  97 123 182]
15



[  5   8  15  23  30  38  43  52  89 106 122 153 157 158]
14



[  4   8  15  19  26  46  86  90  95 110 119 158 191 193]
14



[  0  10  30  38  43  64  71  89  92 145 153 194 197]
13



[  0  40  46  57  61  72  85  90 131 134 137 161 182 192 195]
15



[  5   8  18  27  30  53  64  84 109 191]
10



[  9  11  28  34  39  70  89  94 121 136 149 175 192]
13



[  8  15  16  41  59  77  97 110 119 130 137 138 149 150 197]
15



[  5   9  21  22  23  39  54  61  71  84  89  91  94 102 188]
15

