L10, stepsize 10e-3. I killed it, because Maximal was found.

[  5  16  19  32  34  40  62  63  65  75  82  85  87  92  96  97 105 110
 116 122 138 147 149 158 161 173 182 193 194 196 197 201 211 217 219 224
 228 237 240 241]
40



[  9  16  34  39  58  63  65  66  75  86  87  89  93 102 110 115 122 125
 132 137 138 148 149 152 158 160 161 167 172 173 183 194 197 201 227 232
 235 237 240 241 247]
41



[  7  14  22  28  29  38  40  47  49  60  62  69  72  76  85  93 112 114
 119 122 137 141 145 151 163 165 172 173 174 176 194 195 196 211 220 229
 243 244 247]
39



[ 11  20  25  30  40  62  69  83 104 107 116 117 119 121 124 128 130 133
 135 137 140 147 149 157 160 162 164 172 174 176 177 190 195 196 203 206
 211 220 226 235 240 247 248]
43



[  2   4   5  28  34  40  54  62  63  65  77  83  84  85  93  95 105 110
 112 128 135 137 157 158 164 179 182 184 185 190 196 203 211 226 233 234
 242 247]
38



[  5  13  25  34  40  42  45  61  62  65  83  86  87  95 114 124 130 133
 137 147 148 149 152 161 167 173 179 182 183 194 196 197 201 206 208 214
 217 240 241 247 248]
41



[  8  16  24  26  32  34  38  40  63  67  71  72  78  85  93  95 101 116
 124 128 131 135 137 138 149 158 160 161 167 172 173 174 183 194 195 196
 197 210 211 239 240 247]
42



[  8   9  16  19  36  39  45  58  63  65  82  86  87  95 102 106 110 124
 132 142 147 148 149 152 158 160 161 172 173 183 194 196 197 198 201 205
 227 228 237 240 241]
41



[  4   5  40  49  57  60  62  63  71  72  83  85  96 104 105 112 114 116
 119 124 133 135 137 143 149 158 159 182 184 189 196 198 199 201 203 220
 225 226 229 241 242]
41



[  5   7  14  40  45  49  56  57  62  63  71  75  83  85  91  92  93  94
  96 110 112 116 119 121 149 161 173 177 182 185 190 194 196 197 198 203
 211 213 224 229 233 241]
42



[  2   5   8  13  19  21  25  31  34  35  40  42  45  47  62  63  65  74
  77  83  84  86  87 112 125 148 151 152 160 173 179 182 183 185 194 206
 211 214 230 234 247]
41



[  5   8  14  17  20  28  40  54  63  71  77  83  84  86  93  94  95  98
 110 112 115 119 120 125 135 137 138 150 151 158 165 179 182 185 189 194
 209 226 227 233 234 239 241 247]
44



[  5   7  11  25  29  30  40  43  49  60  62  69  75  83  84  85  89 104
 107 110 112 116 119 120 121 130 135 137 143 144 150 151 160 182 183 190
 194 201 226 229 244 248]
42



[  5   8  16  24  26  28  52  53  66  71  72  79  81  83  84  86  93 101
 103 115 124 138 149 153 158 160 173 179 183 189 194 197 201 211 224 228
 229 240 245]
39



[  5   8  32  34  40  45  49  50  63  73  75  78  84  86  93 105 110 115
 119 124 126 134 140 158 166 175 182 196 197 199 211 226 228 230 233 237
 239 240 247]
39



[  0   4   8  16  22  28  34  40  49  65  72  76  86  93  94  98 109 110
 112 117 124 135 137 149 158 160 172 179 182 190 194 196 211 226 239 241
 247]
37



[  3   5  16  36  45  53  62  63  65  83  84  85  87  95 116 118 124 133
 147 149 158 160 179 182 183 190 194 196 197 198 201 203 211 220 224 225
 226 228 240 241 248]
41



[  5  19  25  34  40  42  45  47  61  62  65  74  83  86  87 104 107 114
 124 130 137 147 149 152 157 162 179 182 183 196 197 200 201 206 208 214
 217 240 243 247 248]
41



[  5  16  22  28  40  54  55  60  62  77  78  85  89  92  93 110 112 120
 122 125 126 129 135 137 150 152 154 158 160 165 166 176 182 185 201 226
 229 237 241 244 247]
41



[  5   7  19  24  25  34  36  40  42  45  47  48  57  63  65  83  96 101
 104 109 124 137 143 149 152 159 162 182 183 186 191 196 197 201 206 208
 217 220 227 240 241 242]
42



[  8  16  24  26  32  34  38  40  63  67  71  72  78  85  93  95 101 116
 124 128 131 135 137 138 149 158 160 161 167 172 173 174 183 194 195 196
 197 210 211 239 240 247]
42



[  0   5   8  15  40  45  49  57  62  75  82  96 112 116 118 119 120 130
 133 137 148 149 158 160 166 173 177 182 183 185 190 196 197 213 220 222
 229 237 241]
39



[  2   3   5   7  25  34  36  40  45  48  57  62  69  71  83  84  91  94
  95  96  98 101 104 116 117 120 121 130 137 143 149 182 190 194 196 197
 202 203 206 213 220 233]
42



[  3   5   7  30  40  42  45  47  49  62  69  83  84  85  93  94 103 112
 117 118 119 124 130 149 157 160 164 165 179 182 188 190 196 201 203 211
 220 224 226 244 247 248]
42



[  5  16  21  25  30  35  40  41  42  45  70  75  83  84  85  87  88 104
 112 124 125 133 149 150 152 165 173 179 182 183 186 194 201 203 220 225
 227 228 241 244 247]
41



[  5   7  14  19  25  26  28  34  40  43  50  60  62  63  79  83  84 104
 107 110 111 119 124 125 128 135 137 140 144 149 159 164 183 190 195 203
 208 211 226 238 242]
41



[  5   8  16  40  49  54  56  57  62  63  71  83  84  85  93  94  96 101
 103 105 110 113 116 124 138 158 173 182 189 193 194 196 197 208 211 217
 224 229 233 241]
40



[  5  16  19  28  34  40  57  62  63  65  78  82  92  95 105 110 112 113
 135 137 140 149 154 158 161 173 176 182 184 185 190 196 197 203 211 218
 222 223 237 241]
40



[ 16  19  24  33  34  40  44  49  57  63  65  75  83  86  89  94  96  97
 112 115 122 137 138 143 149 158 160 161 174 175 176 182 185 194 196 197
 201 226 227 241]
40



[  5   8  16  28  34  62  63  65  74  77  83  85  93  95 112 113 114 122
 158 161 173 179 182 183 185 194 196 197 201 211 219 224 228 241 246 247]
36



[  5  28  47  49  61  62  63  71  72  74  76  78  85 103 104 110 112 119
 124 143 149 158 160 171 177 179 182 183 190 194 196 197 203 205 221 222
 228 229 241 247]
40



[  5  13  25  34  40  42  45  61  62  65  83  86  87  95 114 124 130 133
 137 147 148 149 152 161 167 173 179 182 183 194 196 197 201 206 208 214
 217 240 241 247 248]
41



[  5  11  34  40  45  48  52  57  63  83  84  95  98 101 104 115 124 125
 133 137 140 150 169 173 181 182 194 198 203 206 208 213 214 220 227 233
 234 240 241]
39



[  5   8  16  20  40  54  56  62  63  65  75  83  84  86  87  96  98 104
 110 121 124 138 160 166 173 182 196 197 198 199 210 211 213 214 217 224
 228 234 236 240 241]
41



[ 16  35  39  40  42  45  62  86  87  88  93  95  99 103 106 114 124 140
 141 145 148 163 167 172 173 174 183 188 194 196 197 210 214 217 225 234
 235 244 247]
39



[  0   5   7  16  40  45  49  56  57  62  65  75  83  85  93  94  96 101
 103 105 110 116 124 126 130 149 173 182 184 190 196 197 203 208 211 223
 224 229 233 241 248]
41



[  5   7  14  17  26  31  34  40  43  54  63  67  77  78  82  84  85  95
 110 111 113 116 119 121 134 144 169 173 179 188 190 192 194 195 198 203
 211 233 234 239]
40



[  5   7  22  23  28  29  30  31  40  47  60  69  72  86  89  93  97  98
 109 110 112 115 119 128 137 138 160 165 176 194 195 196 211 226 234 237
 239 243 244 245 247]
41



[  2   5   7  18  25  28  29  47  54  64  65  70  83  86 101 105 109 110
 113 125 127 137 139 146 152 173 179 194 217 221 227 229 231 233 234 239
 245 247]
38



[  5  11  16  19  21  25  28  30  40  43  57  60  69  70  83  84  95 104
 112 115 120 124 125 128 135 144 149 150 160 165 173 182 183 189 194 201
 203 220 227 244]
40



[  3   5  16  21  24  28  40  49  52  63  65  72  74  83  86  93  97 115
 122 125 148 149 158 160 161 179 182 183 194 201 224 226 227 228 229 230
 240]
37



[ 26  28  38  40  47  49  62  63  67  71  72  74  83  85  97 114 119 124
 133 137 141 142 149 157 158 159 162 163 166 174 183 189 196 197 211 226
 229 240 241 242 247]
41



[  3   5  35  40  42  45  47  49  62  63  65  83  85  97  99 101 103 104
 107 116 124 133 147 149 157 160 162 179 182 183 189 196 197 201 211 217
 220 224 225 240 247]
41



[  5  29  36  37  45  47  48  49  52  57  61  63  65  68  83  85  89  96
 104 105 114 116 133 137 143 151 158 159 162 175 182 184 197 199 201 220
 225 227 229 231 240 241 249]
43



[  6   8  16  24  28  38  40  49  63  65  74  83  93 100 101 102 115 118
 122 137 142 148 149 158 161 163 172 179 183 185 194 196 201 208 227 229
 240 241 247]
39



[  2   5   7  24  29  34  40  45  47  57  65  91  93  96 115 121 128 137
 148 151 152 154 160 162 166 168 177 182 183 185 186 196 197 198 211 220
 226 234 237 240 242]
41



[  5   8  16  25  26  35  36  49  52  54  62  65  81  85 103 104 107 116
 117 124 130 133 135 144 160 167 179 190 194 197 201 205 211 226 229 231
 240]
37



[  6   7  16  26  38  44  49  52  58  63  64  74  75  85 100 107 111 113
 121 124 137 149 153 161 163 169 171 179 194 195 198 205 209 215 217 229
 233 237 239 245]
40



[  3   5  16  24  26  32  34  40  52  57  69  71  72  78  79  86  93  95
  96  97 115 124 125 128 137 138 149 158 159 160 161 167 183 195 197 201
 211 226 238 240 245]
41



[  5   7  10  11  16  19  21  43  53  63  66  75  83  84  90  94  98 101
 110 115 120 124 128 135 138 143 149 150 160 179 182 194 198 203 209 213
 214 227 239 249]
40



[  2   3   5  13  25  26  28  29  34  40  47  54  62  63  65  83  86  89
  91  96  98 101 104 107 128 133 137 141 146 147 151 152 156 157 159 162
 184 196 197 211 233 240]
42



[  6   8  16  36  38  45  53  62  63  78  82  85  87  88  95 116 118 124
 133 142 149 158 160 161 172 179 183 188 190 194 195 196 197 198 201 205
 211 228 232 237]
40



[  3   5   9  16  25  36  45  53  62  65  81  83  85  87  89  91  95  96
 116 121 130 132 133 149 160 161 182 183 185 190 194 196 197 202 211 213
 224 226 228 241 246]
41



[  0   5   7  27  40  45  70  75  83  93  94 102 105 109 110 112 115 121
 123 124 128 137 149 173 179 186 194 196 197 198 203 211 229 233 239 243
 244 248]
38



[  8  16  24  25  35  36  42  45  52  53  65  76  86  95  98 102 103 104
 109 114 115 117 124 130 140 142 149 167 172 175 179 189 194 197 205 208
 211 226 228 232 233 240 241]
43



[  8  14  28  38  40  47  49  62  63  71  83  85  99 103 107 114 119 124
 133 141 149 157 158 162 163 172 174 177 183 184 189 196 197 208 211 220
 226 229 240 242 247]
41



[  5   7  20  22  25  29  30  40  54  60  69  75  82  86  91 107 110 112
 119 121 134 135 137 140 144 146 151 154 156 160 164 165 176 177 182 185
 190 196 202 211 234 237 239]
43



[  2   4   8  17  31  34  40  45  61  65  74  75  77  83  86  87 107 112
 114 130 137 148 151 152 158 161 172 177 179 182 185 194 196 200 206 221
 226 227 233 234 243 247]
42



[  5   8  25  26  28  35  36  39  40  46  47  49  50  62  63  76  82  86
 103 107 110 113 120 124 126 144 149 179 196 197 199 201 217 223 229 230
 242]
37



[  5  16  34  40  54  62  63  65  75  77  78  82  85  87  92  96 105 110
 112 113 116 122 126 135 137 154 158 173 176 182 184 185 196 197 198 199
 203 211 223 234 237 241]
42



[  2   5   7  19  25  26  28  29  34  36  47  50  54  62  63  65  83  86
  89  91  96  98 101 104 107 110 128 137 141 146 151 152 156 159 162 176
 184 196 197 211 231 234 240 242]
44



[  0   5   9  14  25  45  46  62  64  65  73  75  81  83  86 112 121 124
 130 140 145 148 173 183 188 190 194 196 197 206 210 211 214 228 229 230
 234 236 243 244 247]
41



[  5   8  16  19  24  25  30  34  35  40  41  66  75  83  84  88  90 101
 104 105 120 124 125 130 139 140 143 149 150 182 186 191 194 210 217 220
 227 228 241 247]
40



[  5   8  25  36  40  45  49  50  61  62  65  73  83  86  98 101 104 107
 110 117 124 126 130 137 140 143 149 162 167 179 182 184 189 196 197 200
 208 213 217 233 240]
41



[  5  16  25  28  30  57  59  60  62  69  71  72  81  83  84  85  95 103
 104 112 124 128 133 144 149 157 159 160 164 165 182 183 188 189 196 201
 203 211 212 220 224 226]
42



[  5  22  28  31  37  47  60  72  77  78  86  89  93  97 109 110 112 119
 136 137 138 157 158 159 160 165 166 176 195 196 205 211 221 226 229 234
 237 239 242 244 245 247]
42



[  7  16  25  28  30  38  43  54  57  60  62  64  81  82  85  89  99 103
 105 112 113 114 126 129 131 135 152 172 173 174 176 185 188 196 199 201
 204 211 212 223 229]
41



[  5   8  16  19  34  40  43  49  65  73  75  82  84  85 110 116 124 130
 138 147 149 158 173 179 182 183 186 194 196 201 208 211 217 219 224 228
 237 240]
38



[  5   7  14  40  45  49  56  57  62  63  71  75  83  84  85  91  93  96
 101 110 116 121 149 173 177 182 185 190 193 194 196 197 198 211 213 224
 229 233 240 241]
40



[  5   7  16  25  30  31  40  49  54  57  60  69  75  83  94 104 110 112
 115 117 120 121 124 125 130 137 144 145 150 160 165 169 176 194 195 201
 203 209 226 229 244 245]
42



[  5  16  37  58  63  65  75  85  92  93  97 105 110 112 113 124 132 138
 149 152 158 161 171 173 182 186 194 196 197 203 205 222 227 228 229 233
 237 239 241 247]
40



[  5   8  19  25  34  42  45  58  61  65  73  75  83  86 101 102 104 107
 124 130 137 143 147 149 152 167 179 183 194 196 197 200 201 206 208 214
 217 227 240 243 247]
41



[  7  22  30  40  49  51  60  62  71  75  77  85  89  92  93  94 105 110
 112 113 116 119 121 131 135 137 138 151 161 172 173 176 182 185 194 196
 201 211 241 247]
40



[  5   8  16  21  25  34  35  40  42  45  52  62  63  65  74  75  83  84
  85  87 104 124 125 133 147 149 160 173 179 182 183 194 201 211 214 217
 224 228 240 241]
40



[  5   9  16  36  45  53  62  63  65  83  84  85  87  93  95  96 110 116
 124 132 147 149 158 173 182 183 190 194 196 197 198 201 203 208 211 224
 225 228 240 241 248]
41



[  7  16  24  33  40  44  49  57  63  65  75  83  86  93  94  96 112 115
 121 124 135 137 138 149 160 161 173 174 176 182 194 196 197 201 211 223
 229 241 248]
39



[  5   8  16  26  34  36  40  62  63  65  72  78  82  87  95 110 116 124
 135 137 144 147 149 158 160 161 173 179 183 190 194 196 197 198 201 211
 218 237 240 241]
40



[  3   5  16  24  26  32  34  40  52  57  71  72  78  79  86  93  95  96
  97 101 115 124 125 128 137 138 148 149 158 160 161 167 183 194 195 197
 201 211 240 245]
40

