

[  0 808 898]
3



[  1 143 217 262 569 642 929]
7



[  2 268 682 704]
4



[  3  20 389 402 427 554 581 649 783]
9



[  4  81 542 656]
4



[  5 561 660]
3



[  6 111 144 190 267 332]
6



[  7 115 341 675 727 787]
6



[  8 259 276]
3



[  9 106 159 177 275 303 353 396 664 797]
10



[ 10 156 163 272 366 390 411 537 640 834]
10



[ 11 122 307 345 398 584 675 905]
8



[ 12 153 312 456 814]
5



[ 13  64  94 191 229 280 341 364 539 551 684 719 809]
13



[ 14  16  37 254 259 604 666 687 842]
9



[ 15 108 221 258 281 459 586 670 845 903]
10



[ 16 138 248 290 313 625 794 944]
8



[ 17  75 120 130 389 594 912]
7



[ 18  60 340 723]
4



[ 19 121 247 466 545 575 661 790]
8



[ 20 108 240 306 344 804]
6



[ 21 271 304 348 518]
5



[ 22  25  37 268 327 563]
6



[ 23 190 198 294 317 323 350 399 401 725]
10



[ 24 159 178 277 396 531 574 808]
8



[  7  25 351 397 522]
5



[ 21  26 607]
3



[ 27  60 306]
3



[ 28 133 392 406 565 824]
6



[ 29 588]
2



[ 30  45 139 166 298 510 519 520 669 730]
10



[ 31 403 794]
3



[ 32 117 146 302 313 370 436 529 566 677 738]
11



[ 33 102 267 418 437 567]
6



[  9  34 270 574 882]
5



[ 35 321 425 614]
4



[ 36 135 178 258 312 396 486]
7



[ 37 279 304 617 631]
5



[  8  38  61 143 261 304 626 642 695]
9



[ 39  83 267 407]
4



[ 20  40 238 330 396 550 688 712]
8



[ 26  41  93 364 623 651 744]
7



[ 42 140 185 286 431 954]
6



[ 43 172 243 311 366 377 442 650 795 802 813]
11



[ 44 157 254 569]
4



[ 17  34  45 135 184 264 437 523 615 893]
10



[ 46  68 136 287 562 606 703]
7



[ 47 168 247 397 422 779]
6



[ 48 129 260 281 298 311 353 616 786 884]
10



[ 49 109 280 575 601 805]
6



[ 50 138]
2



[  6  51 126 317 423 543]
6



[ 52 134 145 224 530]
5



[ 53  96 184 562 791]
5



[ 54 142 184 263 437 498 594 674 887]
9



[ 14  55 121 391 557 790 885]
7



[ 56 181 290 372]
4



[  3  57 114 277 649 688 792 881 957]
9



[ 58 447 798 891]
4



[ 59 491 552 602]
4



[ 60  78 149 228 255 360 432 624]
8



[ 61 152 304 443 681]
5



[ 62 242 428 604 820]
5



[ 63 116 178 538 550 591 763]
7



[ 35  64 218 265 465 583 770]
7



[ 65 106 497]
3



[ 17  66 135 235 306 329 366 452 581 624 640]
11



[ 67 241 273 512]
4



[ 60  68 106 323 594]
5



[ 69 847]
2



[ 70 124 224 276 453 724 806 832 862]
9



[ 17  71 594 718 725]
5



[ 72 240]
2



[ 73 196 481 557 608 635]
6



[ 74 716]
2



[ 12  58  75 119 198 249 354 746]
8



[ 22  76 112 168 213 478 517 617 654]
9



[ 77 270 343 360 543 556]
6



[ 78 136 359 717 783]
5



[ 37  64  79 217 230 518 815]
7



[ 80 101 149 160 243 306 326 730 864 977]
10



[ 28  81 279 355 565]
5



[ 82 124 241 358 566 590 880 962]
8



[ 83 533 639 882]
4



[ 84 261 631 728 861]
5



[ 54  66  85 249 260 287 329 519 600 627 854]
11



[ 86  96 156 166 209 402 452 479 600 754 853]
11



[ 76  87 143 285 551 638 885]
7



[ 88 100 193 488 793 832 862]
7



[ 51  89 111 159 210 320 753]
7



[ 29  90 354 380 507 576 970]
7



[ 91 110 285 395]
4



[   0   92  154  404  603  792 1020]
7



[ 41  93 191 505 841]
5



[ 94 140 182]
3



[ 95 120 156 245 317 371 538 655 879]
9



[ 96 130 165 201 308]
5



[ 19  52  97 205 234 341 367 620 677 704]
10



[ 98 262 690 744]
4



[ 18  99 197 320 377 513 723]
7



[ 14  61 100 200 261 290 508 566 589 592 611 812]
12



[101 132 243 326 533 711 756 867]
8



[ 92 102 135 192 270 418 739]
7



[ 41 103 133 279 372 422 463 499 589 757 815]
11



[104 251 265 448]
4



[ 95 105 114 141 238 315 323 874 881]
9



[101 106 163 297 636 879]
6



[ 25 107 290 425 545 632 714 749 779]
9



[ 108  264  349  353  374  444  568  585  813 1000]
10



[109 348 545 812 847]
5



[ 11 110 301 487 548]
5



[ 12  57  96 111 318 423 462 549 585 811]
10



[112 251 566 569 602 883 892]
7



[ 92 113 469]
3



[114 144 231 232 450 510 514 730]
8



[ 79 115 193 482 529 551 722 855]
8



[ 33  89 116 172 183 192 371 404 504 568 610 732 853]
13



[117 721]
2



[ 93 118 274 369 546 764]
6



[119 210 293 500 739 853 870]
7



[ 20  46  95 120 160 297 374 474 571 629 700 729]
12



[  84  121  181  352  499  665  737 1021]
8



[  84  122  168  496  536  758  830 1002]
8



[123 209 298 373 599]
5



[ 26 115 124 302]
4



[ 20  99 125 169 228 293 413 503 599 622 873 884]
12



[ 29 126 270 359 360]
5



[127 327 372 597 617]
5



[128 179 536 545 724 832]
6



[129 293 520]
3



[130 180]
2



[ 22 131 164 233 247 307 327 551 709 769 939]
11



[132 492 658 773]
4



[133 185 214 477 769]
5



[ 35 134 274 478 641 687 716 727 782]
9



[ 30 135 169 180 221 277]
6



[ 27 108 136 420 461 658 700 736 840]
9



[137 644 906]
3



[138 191 302 440 448 570]
6



[ 78 139 232 263 479 685 729 915]
8



[140 292 728 906 916]
5



[141 150 335 523 718 773 927]
7



[ 86 142 260 318 424]
5



[ 55 143 227 494 541 662]
6



[ 89 116 144 284 306]
5



[134 145 289 436 761 789 920 947]
8



[146 426 451 665 790]
5



[147 277 683 898]
4



[148 253 256 535 704]
5



[142 149 216 237 519 649 658]
7



[  5  80 150 258 540 679]
6



[  2 151 466 595 690 967]
6



[ 93 122 143 152 286]
5



[153 163 489]
3



[ 89 154 378 568 746 795 990]
7



[ 21 155 431 682 799]
5



[ 23  48 129 156 228 390 424 473 516 972]
10



[117 157 182 248 949]
5



[ 52 158 185 511 659 954]
6



[159 177]
2



[  9 160 305 444 490 645 650 742 802]
9



[ 81 134 161 496 738 761 939]
7



[ 19 162 248 262 428 512]
6



[106 163 189 210 288 650 751 915 933]
9



[164 289 448]
3



[ 54 156 165 407 533 643]
6



[ 45 159 166 258 442 480 564 900]
8



[127 167 491 644 659 929]
6



[168 304 362 481]
4



[169 231 303 420 688 873 921 931]
8



[170 243 520 610 748 898 952]
7



[151 171 242 259 398 433 487 696 810]
9



[172 245 308 366 427]
5



[151 173 309 361 511]
5



[   8   61   94  107  174  397  527  570  812  930 1022]
11



[ 23  75 126 175 221 438 507 615]
8



[138 167 176 914]
4



[ 60 177 221 281 915]
5



[ 10 178 291 318 390 503 594 663]
8



[127 174 179 217 273 415 491 727 883]
9



[  30   39  125  180  198  216  402  485  562  645  748  821  934 1008]
14



[ 35 146 181 193 375 727]
6



[182 241 302 412 416 687 724]
7



[  3 132 183 238]
4



[ 12  17 159 184 649 691 766 826 957]
9



[ 11 185 218 392 405 552 713 755]
8



[167 186 403 939]
4



[ 23 187 670 729]
4



[ 112  127  188  400  569  936 1021]
7



[135 189 492]
3



[ 78 190 219 232 495 543 697 951 990]
9



[191 477 502]
3



[ 20 102 113 192]
4



[107 117 143 193 352 493 512 913]
8



[ 50 171 194 463 713 866]
6



[  9 195 347 394 407 495 646]
7



[145 196 648 707 844 901 982]
7



[ 20  39  78 147 197 216 343 356 399 437 450 726]
12



[198 676 735]
3



[ 13  35 148 155 199 279 324 431 598 721]
10



[ 14  25  97 199 200 348 362 395 505 602 681 776]
12



[  71  147  201  297  349  399  408  452  507  593  739  760 1005]
13



[ 24 108 114 141 160 187 202 231 402 960]
10



[ 41 203 229 283 355 397 488 607 666 716 738 761 939 979]
14



[ 15 204 219 260 350 408 500 540]
8



[ 11 110 205 445 488 613 661 747 781]
9



[ 62  64 109 168 206 213 397 406 524 722 968]
11



[  5  99 126 150 153 207 232 245 343 474 605 685]
12



[  2 208 505 764 981]
5



[  68  209  255  368  437  456  561  640  756  853 1011]
11



[123 135 210 275 344 384 606 759 834]
9



[103 112 211 233 409 458 607 982 995]
9



[  95  108  201  212  581  983 1008]
7



[213 324 457 761 997]
5



[ 67 122 133 138 214 351 472 499 678 731]
10



[ 215  335  657  903 1013]
5



[ 18 216 442 500 708 754 904 990]
8



[124 131 191 217 265 448 499 722]
8



[ 62 115 218 280 434 648 926]
7



[ 77 178 219 399 470 523 634 718]
8



[220 242 286 376 484 541 602 654 744]
9



[ 65 175 221]
3



[ 71 141 222 278 380 498 594 660]
8



[ 21  70 223 375 397 638 716 959 982]
9



[171 224 392 421 506 716 868]
7



[  17   75  116  184  225  255  320  649  691 1003]
10



[201 226 374 619 864]
5



[  81  173  223  227  357  551  608  835 1015]
9



[170 228]
2



[ 21 229 333 755 967]
5



[ 69 200 230 367 967]
5



[   6  126  221  231  240  293  438  449  490  579  931 1005]
12



[   0  232  378  396  676  717  766  938 1017]
9



[ 47 155 220 233 381 465 767]
7



[234 352 367 620 707]
5



[204 235 245 378 480 523 627 703 730 931]
10



[  4  94 236 328 421 710]
6



[ 237  399  456  605  760  937 1006]
7



[238 650]
2



[ 122  158  239  501  575  613 1019]
7



[153 240 344 356 444 596 816]
7



[168 241 502 545 595 661 764 885]
8



[ 70 128 158 217 242 443 508 546 740 890 962]
11



[ 243  291  674 1017]
4



[244 454 472 662 716]
5



[ 17  99 245 250 293 380 447 461 581 624 700]
11



[ 18 237 246 318 404 763]
6



[173 247 446 886]
4



[ 26 118 203 248 316 478 482 604]
8



[ 40 141 249 305 736 888 937]
7



[ 215  250  347  571  670 1014]
6



[251 319 346 395 701 734]
6



[ 102  175  252  420  441  490  718  729  736  759  980 1005]
12



[ 88 253 367 695 724 941]
6



[211 254 342 428 607 728]
6



[ 46  71 116 141 255 987]
6



[256 370 790 872 976]
5



[149 169 257 356 363 455 497 933 969]
9



[258 389 791 910]
4



[ 21  50  73 211 259 301 336 487 545 806 883 906 913]
13



[ 29 260 297 354 462 785 814 909 928]
9



[ 49 151 164 205 261 358 361 392 501 613 935 964]
12



[ 82 133 262 285 364 580 908]
7



[ 77 129 198 263 281 418 531 951]
8



[ 30 129 184 264 873]
5



[ 21  74 265 451 472 770 875 923]
8



[266 301 793 800]
4



[  0  90 163 267 537 773]
6



[ 62 152 268 478 684 809 892 906]
8



[ 95 269 771 788]
4



[270 293 470 492 670 858 870]
7



[ 59  74 271 364 439 478 524 607 687]
9



[272 624 664 826 945 978]
6



[148 273 346 392 421]
5



[ 25 151 274 496 656 776 820 890 930]
9



[ 24  95 275 667 898]
5



[276 301 345 548]
4



[ 71 147 264 277 371 444 452 693 786 983]
10



[114 144 278 312 413 500 807 922]
8



[ 62 268 279 346 367 421 838]
7



[280 289 331 506 862]
5



[ 18 189 219 281 293 399]
6



[ 48  83 130 282 340 354 510 606]
8



[  8 283 412 425 465 991]
6



[ 90 284 374 525 534 814]
6



[173 285 292 321 379 572 959]
7



[127 256 286 403 668]
5



[ 71 287 298 401 423 567 606]
7



[263 288 449 834]
4



[  8 289 339 439 440 617 827 932]
8



[ 16 182 290 334 410 558 776 868 875]
9



[  9  48 291 407 786 808 821 897]
8



[ 69 292 348 551 644 790]
6



[ 20  57 163 228 293 318 432 495 513 559 808 819 934 993]
14



[ 23 180 294 373 612 783 928]
7



[ 174  229  295  415  575 1007]
6



[ 98 296 357]
3



[ 165  249  294  297  401  490  928  955 1005]
9



[175 263 298 411 514 634]
6



[ 37 299 391 428 481 511 877 890]
8



[300 378 686 802 831]
5



[ 55 301 453 847 905]
5



[302 779 877 886]
4



[ 57 170 260 303 378 459 485 778 828 909]
10



[299 304 472 806 850 947]
6



[263 305 411 509 869]
5



[ 20  27  39 306 554 934]
6



[  32  286  301  307  436  481  835  930 1015]
9



[ 86 166 308 315 503 556 562 996]
8



[  7 309 677]
3



[100 310 428]
3



[  85  102  150  175  270  272  311  420  455  627  828  854 1013]
13



[258 312 347 456 509 538 940]
7



[179 266 295 313 351 787 800 841 892 959]
10



[  31   49  218  314  345  403  872  906 1010]
9



[ 18  33 315 432 474 937]
6



[316 484 524 800 852 878]
6



[ 77 317 473 948]
4



[ 27  53 318 363 540 922]
6



[ 56 173 182 290 319 809 871]
7



[ 89 198 320 474 581 624 792 854 977 994]
10



[ 11  49  88 224 321 578 641 784]
8



[286 322 426 499 584 598 738 875 986]
9



[298 323 411 705 836 983]
6



[  8  82 134 290 316 324 421 784]
8



[325 576 599 857]
4



[326 874]
2



[ 37  73 110 276 327 385 518 597 803 868 971]
11



[  84   97  285  304  328  398  465  601  704  850 1016]
11



[ 92 123 329 509 745 780 858 907 960]
9



[  95  114  204  269  330  411  455  464  520  771  864 1018]
12



[143 261 331 403 426 511 577 793 995]
9



[ 30  45 332 353 616 792 834 969]
8



[ 74 262 333 372 475 494 527]
7



[ 218  261  334  386  522  583  638  806 1002]
9



[  5  10 335 450 492 605 619 969 999]
9



[ 122  259  336  728  789 1010]
6



[ 57 147 267 306 337 513 845 891 978]
9



[119 212 338 356 384 407 510 634 771 792]
10



[127 261 339 419 539 626 823 838 861 865]
10



[269 340]
2



[ 37 341 580 637 799 841]
6



[247 342 345 362 710 784 979]
7



[  5  30 195 330 343 833 860 975]
8



[  75  125  250  277  344  354  497  616 1020]
9



[ 79  97 261 345 488 842 988]
7



[  19   56   64  276  346  635 1002]
7



[153 235 303 347 504 797 839 955]
8



[217 304 348 361 405 536 589 829 832]
9



[ 45  72 270 312 349 581 854 957]
8



[ 83 246 277 350 534 639 780 870]
8



[  7 351 505]
3



[ 37  84 107 162 200 352]
6



[197 353 464 612 768 825 845]
7



[225 354 470 754 999]
5



[ 74 355 608]
3



[ 34  53 237 297 323 356 940]
7



[ 81 124 299 357 545 740 812 889 901]
9



[227 254 358 431 471 546 775 830]
8



[ 83 359 519 612 739 821 966]
7



[ 57 136 306 360 427 858]
6



[ 115  361 1019]
3



[162 251 362 395 481 638 782 954 962]
9



[ 27 363 430 474 547 591 746 825 999]
9



[355 364]
2



[ 36 225 305 365 616 811]
6



[ 68 226 366 394 461 864 893]
7



[233 367 421]
3



[ 60 160 216 245 368 492 804 960]
8



[  69  362  369  457  855 1016]
6



[370 484 598 878 950]
5



[ 27  48 249 277 329 371 500 593 619 802 825 869]
12



[ 21  44  88 127 242 322 372 878]
8



[ 71  92 373 573 624]
5



[291 374]
2



[ 50 227 253 273 302 375 565 595 623 790]
10



[ 76 376 484 511]
4



[ 235  377  435 1018]
4



[ 60  66 113 270 272 291 378 473 492 831 851 860]
12



[ 73 103 191 242 352 379 419 494]
8



[  20  338  380  424  469  556  874 1005]
8



[104 276 381 463 496 844 865]
7



[ 74 248 274 382 443 604 626 767]
8



[ 29 105 383 438 461 603 751 798 839 955]
10



[172 384 441 516 712 907]
6



[  8 217 385 707 770 789 947]
7



[  8  50  70 158 386 439 775 998]
8



[  5  18 209 387 442 523 673 768 970]
9



[220 342 388 446 653 662 775 974]
8



[136 291 389 492]
4



[ 71 163 332 390 449 479 663 922]
8



[  14  146  164  290  391  973 1015]
7



[301 392 508 521 964]
5



[132 263 300 320 393 402 504 801 857]
9



[ 90 163 394 940]
4



[   7  168  273  395  506 1001]
6



[ 325  380  396  459  700  783  984 1006]
8



[ 31 168 327 397 589 997]
6



[151 203 398 488 973]
5



[  6  27 257 330 399 402 510 679 791 966 987]
11



[265 339 400 512 692 722 818]
7



[136 180 210 312 329 401 907 946]
8



[  6 149 190 243 315 340 402 420]
8



[ 59 218 266 351 403 457 530 651 896 954]
10



[135 154 172 404 467 516 792 822]
8



[173 193 259 304 405 466 508 724]
8



[155 174 268 406 518]
5



[407 459]
2



[ 18  72 180 187 221 368 390 408 568 650 915]
11



[ 61  88 205 276 409 421 488 731 787 908]
10



[ 50 151 208 276 296 410 536 782]
8



[170 371 411 450]
4



[ 61 310 412 493 653 692 861 902 936 959]
10



[ 24 267 337 365 413 424 435 533 825]
9



[  60  303  306  344  387  414  441  658 1020]
9



[ 62 146 388 415 426]
5



[236 313 416 608]
4



[183 396 417 486 657]
5



[  6  99 172 338 408 418 679 768 996]
9



[103 143 182 410 419 454 465 699 809 942]
10



[ 53 135 178 272 420 544 773]
7



[244 421 899]
3



[372 422 491 805 908]
5



[  5  54 177 423 490 500 663 683 821 946]
10



[  43  177  270  424  900  907 1006]
7



[425 641 947]
3



[131 256 295 412 426 794 866]
7



[202 427 437 510 801 891 898]
7



[ 28  37 310 313 428 681 949 998]
8



[231 311 390 429 655]
5



[ 78 159 430 489 694 931]
6



[ 37  42 140 199 233 283 431 458 830 905 991]
11



[149 387 432 507 951]
5



[186 244 310 433 675 805 905 914]
8



[434 770]
2



[ 39  57 139 150 272 363 435 486 795 898 948]
11



[382 419 436 477 758 953]
6



[318 437 694 887]
4



[102 315 399 438]
4



[ 59 143 146 428 439 535 678 689 954 991 997]
11



[364 440 448 478 501 890]
6



[ 89 144 387 430 441 683 831 881 946]
9



[ 139  177  429  442  538  746 1017]
7



[ 25 188 274 443 465 890 930]
7



[204 298 444 664 694]
5



[ 229  341  395  406  445  687 1015]
7



[419 446 991]
3



[170 447 498]
3



[  74  217  327  395  422  433  448  707  866  986 1001]
11



[ 141  210  231  305  449  581  864  966 1013]
9



[450 715 754 900 931 983]
6



[171 351 362 451 779]
5



[ 201  257  413  424  452  483  652 1014]
8



[ 67 256 381 453 775 844]
6



[ 14 100 328 454 511 750 896 981]
8



[  85  111  257  356  396  455  783  898  917 1005]
10



[225 325 380 387 432 456 507 680]
8



[  74  121  236  324  367  457  501  719  872  941 1019]
11



[ 88 196 409 431 458 471 719 988 998]
9



[  78  141  255  258  287  459  498  739 1017]
9



[  73  124  229  280  425  460  653  838  872  906  932  961 1007]
13



[ 29 257 270 343 356 461 765]
7



[ 215  462  715  814 1000]
5



[  11  355  463 1021]
4



[  65  120  464  507 1020]
5



[ 87 112 259 434 465 883 919 953 962]
9



[186 230 372 412 463 466 656 794 855]
9



[ 95 235 267 442 462 467 480 509 691 720]
10



[ 64 182 248 370 410 468 722 784]
8



[469 759 857]
3



[130 149 335 337 396 470 509 970]
8



[ 191  286  309  321  379  471  734  923 1009]
9



[472 762 974]
3



[ 473  500  993 1018]
4



[ 75  86 221 474 483 860 910]
7



[279 369 475]
3



[ 172  365  394  441  449  476  708 1013]
8



[158 244 382 477 829 911]
6



[276 358 478 542 733 750 906]
7



[ 23  75 153 190 269 315 359 390 479 857]
10



[166 202 212 264 293 363 374 480 969]
9



[ 173  176  247  386  481  508  803  979 1007]
9



[100 254 406 472 482]
5



[ 129  326  483  683  802  969 1006]
7



[194 247 289 484 956 982]
6



[  85  160  444  485  980 1006 1011]
7



[165 258 308 363 461 474 486 882 940 963]
10



[  35  214  370  487  614  962 1001]
7



[ 41  74 205 244 400 421 488 511 608 776 890 988]
12



[ 40 189 219 489 869]
5



[  10  169  219  332  402  420  490  808 1011]
9



[193 491 761 997]
4



[ 92 297 408 492 760 864 969]
7



[200 493 949]
3



[171 199 262 397 448 494]
6



[232 297 495 497 739 903 969]
7



[ 16 117 348 496 849 916 962]
7



[ 48 210 252 257 343 408 420 459 497 893]
10



[126 216 387 498]
4



[314 341 352 395 499 737 803 859]
8



[ 20 166 288 318 500 700]
6



[316 501]
2



[334 410 502 740 956]
5



[ 54 163 275 365 449 476 503 945]
8



[429 504 928 970]
4



[ 81 168 239 314 375 505 762 859 947]
9



[274 302 501 506 988]
5



[106 113 252 349 414 450 507 639 754 867 888 983]
12



[292 431 508 964]
4



[149 190 201 228 424 498 509 697 735 951 984 993]
12



[170 231 435 510 884]
5



[ 236  397  433  458  511  743  829  883 1001]
9



[ 11 290 512 597 880 906 964]
7



[ 39  77 353 389 513 573 655 774]
8



[ 36 306 330 514 567 851]
6



[ 64 146 289 515 590 738 823]
7



[ 30  66 101 180 257 516 650 786 840 917]
10



[268 517 566 604 749]
5



[196 261 386 518 604 613 692 727 886 935]
10



[399 519 593 768 869]
5



[269 520 984]
3



[171 256 521 654 672 749]
6



[  7 186 398 522 529 662 681 731]
8



[291 523 646 712 739 798]
6



[ 69 265 524 641 784 956]
6



[135 270 429 525 586 593]
6



[102 526 581 922]
4



[527 530 620 681 702 895 906]
7



[  9 120 156 275 308 384 519 528 612 667 754 797 802 918 984]
15



[369 529 608 637 692 772 818]
7



[ 28 162 304 530 548 584 641 702 752 852 947 986]
12



[135 531 559 725 739 891]
6



[100 532 557 577 648 671 710 794 806 855 913]
11



[ 36 189 469 533 571 594 708 768]
8



[ 15 390 534 771 780 927]
6



[179 214 341 535 604 626 666 770 817 925]
10



[  1  22 185 536 563 872]
6



[147 277 315 537 556 562 581 660 712 863 909]
11



[222 516 538 616 802 918]
6



[319 409 539 796 911]
5



[281 540 680 912]
4



[530 541 551 620 644 689]
6



[143 517 542 695 855]
5



[183 263 318 514 543 549 990]
7



[ 12 418 537 544 819 833]
6



[ 25  38 352 545 570 597 620 787 871]
9



[ 19 266 546 638 714]
5



[547 622 633 667 685 804 834 938]
8



[   7   84  229  388  536  548  830 1012]
8



[  0 105 166 317 417 549 571 579 596 622 736 783 785 951]
14



[550 568 650 874 946]
5



[261 367 551 578 747 865]
6



[ 11  50  64 110 268 532 552 689 770 815 856 868]
12



[ 123  141  170  177  553 1017]
6



[ 39  75 120 187 424 525 554 564 712 768 819 873 922]
13



[ 49 251 555 769 823]
5



[  0  78 105 556 562 639 673]
7



[ 69 361 397 546 557 628 716 823 953]
9



[ 558  666  776 1022]
4



[108 189 531 559 568 821 867 937]
8



[100 307 560 913]
4



[  54  101  147  189  240  315  417  514  540  559  561  645  739  791  946
 1013]
16



[102 311 562]
3



[ 97 274 439 522 563 583 687 731 875 899 954]
11



[165 306 564 792]
4



[161 244 273 292 445 552 565 687]
8



[ 87 124 276 566 949]
5



[  5 102 180 538 567 657]
6



[568 754 777 864 940]
5



[265 566 569 651 762 895]
6



[ 11 115 218 529 570 584 598 809 823 892 920]
11



[ 17 114 556 571]
4



[ 76 572 740 806 895]
5



[120 190 237 303 573 683 788 873]
8



[125 574 603 697]
4



[  41  118  283  381  431  522  575  620  690  803  890  953 1015]
13



[ 17 264 325 576 599 741]
6



[ 79 194 324 339 577 635 647 689 733 770]
10



[ 19  69 118 134 331 578 744 871 880 899]
10



[ 85 192 235 338 534 559 579 819 863]
9



[ 81 148 199 448 515 541 580 617 738 790 974]
11



[ 45 228 520 581]
4



[101 207 343 390 582 645 788 996]
8



[ 31 214 583]
3



[ 28 121 584 740 861 908]
6



[ 585  851 1000]
3



[130 222 586 739 864 922 975]
7



[  42  193  271  339  541  587  631  675  794  889  991 1002]
12



[ 95 461 588 594 729 766 869 904]
8



[  8 589 871 901]
4



[ 302  548  590  648  837 1004]
6



[  45   92  197  591  612  686  795  853 1005]
9



[  19   98  592  841  896 1009]
6



[ 92 144 338 549 593 697 739 819 873]
9



[ 92 240 568 594 629 660 763 819]
8



[217 595 803 981]
4



[ 96 156 277 520 562 579 596 657 828 881]
10



[148 217 584 597]
4



[  2  88 324 570 598 775 842 849 998]
9



[ 15 113 479 547 574 599 693 732 763]
9



[ 192  380  600  698  723  836 1008]
7



[ 56 361 601 620 659]
5



[ 87 186 370 602 827 847]
6



[603 840]
2



[ 16 346 552 604 661 714 752 832 973]
9



[116 209 531 556 605 619 660 730]
8



[ 46  71 116 204 349 606 828 980]
8



[  14   73  103  214  319  569  592  607  661  750  877  986 1015]
13



[355 608 638 716]
4



[528 567 609 645 836 843 882]
7



[ 610 1006]
2



[  49   70  295  611  744  842  939 1010]
8



[ 40  78 119 340 612]
5



[361 555 601 613]
4



[292 355 614 702 930]
5



[ 86 325 588 615 715 834 863 931]
8



[344 365 616 720 836]
5



[217 381 617 653 707 800 871 939]
8



[542 618 877]
3



[600 619 717]
3



[ 32 569 611 620 974]
5



[ 40 332 564 621 807 864]
6



[ 228  359  622  694  858  940  966 1003]
8



[ 11 357 542 569 623 755 803 859 892]
9



[184 243 619 624 993]
5



[ 35 357 530 625 769]
5



[ 16  38 352 552 580 626 734 761 856]
9



[ 43 306 585 627]
4



[508 628 661 806 877]
5



[ 63  89 215 237 293 525 629 732]
8



[215 226 543 568 630 763 893]
7



[ 35 487 530 631]
4



[ 41 242 316 328 548 577 632 701 716 731 877]
11



[ 72 606 633 717]
4



[ 219  634  658  718  802 1003]
6



[ 31  50  97 339 635 866]
6



[240 562 636 708 730 854]
6



[  31   81  205  598  637  687  689 1015]
8



[ 55  91 381 552 638 701 820]
7



[ 114  639  813  881 1006]
5



[154 640 753 937]
4



[ 176  205  321  530  541  641  779  800  962 1001]
10



[551 598 642 968]
4



[559 610 643]
3



[ 84 644 800 942]
4



[ 23 144 207 393 544 593 645 745 999]
9



[ 30  71 452 567 612 646]
6



[ 22 631 647 749]
4



[  1 601 648 796]
4



[144 264 473 649 952 993]
6



[ 18 270 622 650 657 943]
6



[ 14  35 194 331 403 557 644 651 799]
9



[544 600 652 745 777 927]
6



[ 79 174 200 409 604 653 936 961]
8



[ 13  62 214 654 695 770 941]
7



[619 655 674 955]
4



[  1  28 214 566 656 707 901 953]
8



[467 657 676 759 825 833]
6



[198 407 418 658 739 771 798 921 970]
9



[171 217 635 659 668 752 803 849 901]
9



[401 513 660 718 903]
5



[ 25 400 501 563 592 661 767 985]
8



[ 19 176 276 454 662 850 954]
7



[  86  153  243  562  603  663 1014]
7



[250 556 664 788 898 958]
6



[128 241 273 477 565 607 665 675 744 889 911 916 954 961]
14



[472 541 666 850 974]
5



[  89  207  267  435  667  785 1023]
7



[186 518 552 651 668 677 942]
7



[  5  95 252 559 669 893 984]
7



[479 571 586 670 760 894]
6



[199 351 638 671 696 713]
6



[ 137  419  672  709  762 1009]
6



[178 288 528 673 703 711 746]
7



[559 564 576 674 766 778 918 993]
8



[  1  59 194 290 587 675]
6



[142 389 492 562 576 622 676 711 765 774 869 994]
12



[ 41 157 224 295 563 614 642 677]
8



[ 47 262 678 871 914]
5



[ 178  679  748 1023]
4



[  34  108  250  559  667  680  718  898  958 1005]
10



[164 681 738 906]
4



[ 32 239 428 530 587 677 682 950 995]
9



[ 105  393  683  783  825  922  999 1000]
8



[ 14  52 229 296 536 617 684 752 830 906]
10



[ 15  40 204 293 685 729 777]
7



[ 10  54 111 588 610 686 745 970]
8



[ 79 491 517 552 665 687 806 929]
8



[ 96 538 645 688 804]
5



[ 229  304  689  704 1010]
5



[440 518 565 690 932]
5



[ 83 153 245 619 691 705]
6



[213 608 641 692 762 784 982]
7



[ 23 293 509 596 621 658 693 760]
8



[ 228  255  442  470  624  683  694  900  927 1006 1011]
11



[695 982]
2



[ 49 220 224 392 443 696 757 976]
8



[ 24  53 147 190 315 432 559 697]
8



[679 698 814 987]
4



[558 699 738]
3



[250 317 438 525 646 700 712 917]
8



[607 701 758]
3



[415 702 744 827 944]
5



[507 525 615 633 703 715 754 811 918 921]
10



[206 611 666 704]
4



[207 325 483 547 705]
5



[  0 163 706 729 912 934]
6



[200 695 707 842 855]
5



[210 221 708 994]
4



[ 100  595  617  709 1004]
5



[ 148  358  524  710  737 1010]
6



[ 95 141 202 326 423 549 594 711 853 879 960]
11



[464 657 685 712 742 834]
6



[  8  91  97 333 465 517 713 738 779 896 925]
11



[ 79 196 595 614 684 714 856]
7



[ 77 147 394 594 715 873]
6



[124 583 665 716 781 842 936 981]
8



[ 72 101 252 556 596 633 650 717 736 846 900]
11



[192 718 760 900]
4



[103 133 191 635 678 704 719 757 782 855 941 985]
12



[153 180 476 588 720 857 945]
7



[196 273 532 545 721 947]
6



[ 19 158 251 695 722]
5



[ 65 240 450 473 723 922]
6



[205 724 744 784 961]
5



[606 725 851]
3



[190 245 540 645 726 898 927 948 999]
9



[ 182  727  738 1022]
4



[728 896]
2



[ 27  80 169 204 329 504 700 729 851 980]
10



[ 83 159 235 605 691 730 938]
7



[589 687 731]
3



[  95  197  732  853 1023]
5



[ 229  517  681  733  908  961 1015]
7



[234 410 471 734 755 971]
6



[212 646 735]
3



[116 593 726 736]
4



[103 234 632 656 701 716 737 877 936 962]
10



[199 518 734 738 842 942 964]
7



[ 114  177  232  427  649  739  839 1005 1008]
9



[ 167  623  701  740  880 1001]
6



[215 686 741]
3



[116 492 742]
3



[251 481 617 689 743 868]
6



[ 74 592 734 744 929 985]
6



[204 586 745]
3



[ 90 175 746]
3



[127 236 595 647 733 747 827]
7



[125 132 444 480 526 706 748]
7



[213 230 463 481 692 714 749 871 889]
9



[ 750  782 1001]
3



[245 447 610 751 970]
5



[  32   81  118  220  234  530  572  611  731  752  852  913  932 1021]
14



[473 615 753 825]
4



[123 464 629 703 754 826 898 945]
8



[ 82 755 890]
3



[ 20 198 550 627 756 854 989 999]
8



[115 471 496 607 757 988 998]
7



[434 487 637 699 728 758 979]
7



[101 209 383 435 582 658 746 759 853 963]
10



[ 378  497  760  876 1014]
5



[ 107  481  565  761 1004]
5



[112 185 482 611 710 762 959 979]
8



[ 51 153 210 554 673 748 763 825 879 969 983]
11



[140 213 631 719 764]
5



[243 553 765 857 955]
5



[245 504 538 588 729 766 884]
7



[110 220 666 767 859 871 982]
7



[ 344  390  449  537  768  843  945 1000]
8



[  8 304 355 546 647 713 769 916]
8



[466 535 770 837]
4



[ 353  401  533  615  673  706  771  927 1003]
9



[286 290 385 530 672 724 772 973]
8



[596 615 773 846]
4



[ 325  538  774  848  909  928 1006]
7



[302 471 590 707 775 939]
6



[ 32 138 324 376 572 776 806 817 901 914 988]
11



[288 323 399 519 603 609 650 777 848]
9



[106 312 396 402 706 778 785 984]
8



[322 379 457 517 570 623 779 806 829 856]
10



[492 543 780 853 888 918 938 960]
8



[ 93 327 388 681 719 781 942]
7



[ 42 158 322 348 575 651 782 919]
8



[ 63 257 294 396 411 516 622 663 783 898 958 989]
12



[309 440 784 838 861 908]
6



[144 284 315 594 785 807 840 937]
8



[ 80 394 786]
3



[ 81 289 532 546 722 787 906 961]
8



[300 408 520 720 788 957]
6



[ 55 256 369 601 789 806 967]
7



[ 26 292 575 692 727 790 935]
7



[ 791 1013]
2



[ 288  526  667  680  792  813  833  917  958 1017]
10



[ 56 331 369 425 595 689 793 899]
8



[  2  56 348 362 532 558 587 728 775 794 817 832 925 950]
14



[ 23 154 284 378 528 553 639 773 795 814 854 867 904]
13



[560 589 662 796 872 942]
6



[ 15  24 125 670 797 894 965]
7



[ 10 378 594 798 884 970 989]
7



[280 367 406 551 569 799 810 841 885 913]
10



[800 852 947]
3



[267 576 801 831 857]
5



[ 54 531 582 739 802 903 937]
7



[434 587 613 699 781 803 820 902]
8



[ 354  652  778  804  897 1000]
6



[ 35  61 265 324 367 369 560 583 740 805 827 872 899]
13



[502 806 901 974]
4



[111 612 807]
3



[293 366 808]
3



[ 42 307 575 625 684 782 809 901]
8



[ 50 110 286 572 810 920]
6



[  10   63  293  354  430  746  768  811 1023]
9



[ 76 397 446 542 565 632 682 812 837 875 886 929 974]
13



[571 673 813]
3



[282 396 510 549 748 814 975 994]
8



[ 173  381  487  565  815  841 1019]
7



[ 277  378  700  816  876  951 1017]
7



[ 81 181 532 631 632 699 817 950 992]
9



[ 539  818 1012]
3



[303 312 538 674 819 863 948 978]
8



[ 274  357  776  820 1022]
5



[413 438 543 581 630 777 821 867]
8



[ 48 282 404 543 556 634 822 879 957]
9



[167 515 625 692 699 823 930]
7



[ 62 265 348 434 628 681 799 824 832 877 942]
11



[ 48 298 311 365 408 629 657 760 825 840 989]
11



[187 287 297 438 504 567 680 754 826 860]
10



[565 827]
2



[ 53 297 509 516 828]
5



[191 314 749 769 829 875 880 911 950]
9



[262 296 767 779 830 998]
6



[603 831 882 933 983]
5



[ 372  597  832  905 1004]
5



[ 209  275  706  811  833  858 1000]
7



[263 394 516 834]
4



[ 70 265 279 466 522 617 659 835 861 878 939 968]
12



[  96  277  380  420  585  629  836  863 1014]
9



[ 79 375 481 779 837]
5



[ 74  84 351 370 527 530 789 810 838]
9



[ 86 459 503 586 821 839]
6



[267 366 489 840 994]
5



[ 121  193  266  515  592  681  824  841  896  923 1009]
11



[   8  379  457  611  710  762  784  842  886  926  930  979 1007]
13



[621 843 960]
3



[ 74 302 548 653 750 835 844 886 920 992]
10



[ 72 125 257 326 516 593 845]
7



[260 267 365 414 455 520 574 833 846 934]
10



[ 87 285 716 847 935 962]
6



[ 353  476  658  848  897 1000]
6



[331 849 920]
3



[ 19  94 280 597 850]
5



[219 586 691 720 851 860 918]
7



[327 405 638 852 926]
5



[ 68 113 215 374 774 819 853 876]
8



[  68  126  284  455  474  531  843  854  893  917 1011]
11



[  55  213  283  336  382  532  578  601  613  734  844  855 1012 1019]
14



[362 440 475 856]
4



[ 27  77 120 401 479 576 606 819 857]
9



[  83  402  534  633  698  853  858  870 1011]
9



[  88  127  307  409  569  589  626  721  734  796  832  859  919 1007 1016]
15



[120 156 277 509 860 975]
6



[213 493 734 838 861 865]
6



[ 84 127 316 415 578 719 862 871]
8



[  86  461  579  759  863  918  977 1020]
8



[225 373 490 845 864 891 948 978 999]
9



[379 487 632 672 865]
5



[115 506 623 862 866]
5



[ 325  378  427  450  754  785  867 1017]
8



[638 868]
2



[  5 225 622 624 869]
5



[ 343  450  567  711  754  870 1013]
7



[117 511 595 617 738 779 871]
7



[ 41 292 648 803 872]
5



[325 751 873 938]
4



[ 40 745 792 863 874 928]
6



[ 357  522  769  850  875  991 1004]
7



[876 990]
2



[233 580 793 877 911 936]
6



[ 76 254 428 714 820 841 878 959 988]
9



[  46  291  317  634  853  879  990 1011]
8



[  50  296  348  357  572  880  916  954 1021]
9



[281 343 378 483 544 603 759 828 881 980]
10



[240 337 383 442 528 615 674 804 825 846 882]
11



[ 314  883  961 1007]
4



[311 312 350 498 786 884 928 972]
8



[121 352 607 749 885]
5



[115 334 508 578 886 944 986]
7



[ 123  337  435  579  753  887  957  980 1018]
9



[537 619 629 688 801 888 957 977]
8



[352 501 584 749 889]
5



[466 572 584 868 890]
5



[ 43 281 891]
3



[220 375 505 542 613 701 750 892 950]
9



[ 95 189 473 500 619 893]
6



[255 287 603 894 934]
5



[ 247  283  334  341  355  431  557  614  895 1012]
10



[131 164 261 296 398 409 496 661 714 737 779 896]
12



[160 593 693 791 897]
5



[480 686 780 854 898 965]
6



[155 227 431 529 677 713 776 847 899 925]
10



[476 519 900]
3



[  7 577 901]
3



[138 261 274 902]
4



[163 258 449 726 903 994]
6



[270 442 660 718 904 996]
6



[ 488  555  805  905 1009]
5



[271 687 731 769 906 919 973 995]
8



[461 603 691 780 907]
5



[ 13 200 395 542 620 642 908]
7



[149 281 332 444 909 977]
6



[287 582 792 910 996]
5



[458 471 878 911]
4



[456 576 732 801 853 912]
6



[217 421 913]
3



[138 914]
2



[153 853 915]
3



[ 84 157 416 465 704 727 880 916]
8



[263 435 549 729 759 768 893 917 934 975 993]
11



[ 54 212 510 582 851 918 955 960]
8



[199 422 433 468 527 666 770 793 830 871 919 941]
12



[682 689 861 890 920]
5



[305 429 655 848 921]
5



[ 90 384 498 526 568 831 922 975]
8



[331 391 575 653 675 824 861 923 961]
9



[136 252 260 344 399 470 720 735 795 853 897 924]
12



[133 191 425 535 925]
5



[223 443 508 651 824 913 926]
7



[221 390 444 574 927]
5



[402 650 660 685 742 811 928 963]
8



[227 307 361 440 546 569 661 713 832 929]
10



[ 548  695  827  865  930 1007 1012]
7



[ 39 130 288 437 531 931]
6



[276 295 425 494 557 675 782 892 932]
9



[225 263 317 500 655 680 725 816 887 933 960]
11



[396 442 680 828 934]
5



[494 499 727 781 817 868 896 935 956]
9



[171 316 434 458 484 772 936 988]
8



[129 232 267 420 495 715 741 867 937]
9



[166 288 444 489 538 807 825 938 963 990]
10



[203 415 428 653 672 787 877 939]
8



[156 165 559 640 717 766 927 940 984]
9



[ 239  357  637  789  803  844  941 1015]
8



[546 824 942]
3



[ 63 166 407 417 492 553 746 759 773 863 943 948 969]
13



[403 666 724 901 944]
5



[ 627  765  788  807  945 1014]
6



[144 187 500 538 854 864 946 999]
8



[289 947]
2



[156 166 177 373 407 452 948 989]
8



[213 304 412 740 775 896 949 973]
8



[118 508 530 727 950]
5



[  53  150  645  766  797  879  951 1017]
8



[154 172 298 634 640 691 756 813 864 907 952]
11



[  41  145  319  784  805  810  953  968  981 1022]
10



[522 626 750 862 954]
5



[297 399 561 670 879 888 898 955 969]
9



[157 400 536 637 810 956 968]
7



[ 153  476  525  670  822  879  903  957  969 1018]
10



[154 498 726 763 786 958]
6



[ 55 223 299 381 542 569 787 820 959]
9



[504 624 745 960]
4



[ 289  466  491  877  961 1016]
6



[ 98 199 403 502 584 682 962]
7



[215 226 325 399 667 745 854 963 989]
9



[128 628 661 964]
4



[ 204  343  533  965 1006]
5



[150 270 323 474 519 576 652 746 786 966]
10



[ 515  653  722  862  923  950  967 1004]
8



[217 236 331 336 412 536 577 590 772 810 944 968]
12



[105 219 335 337 441 485 891 900 969]
9



[195 585 754 867 970]
5



[227 266 367 477 709 844 971]
7



[142 326 510 581 765 898 972]
7



[143 521 973]
3



[134 200 491 542 578 682 724 872 974]
9



[ 77 452 490 526 603 725 748 897 955 975 984]
11



[322 369 385 710 919 971 976 997]
8



[ 17 243 373 688 706 825 903 977 990]
9



[198 282 490 663 729 955 972 978]
8



[194 379 395 406 767 793 979]
7



[ 149  462  670  688  711  980 1018]
7



[529 981]
2



[194 223 487 695 820 883 901 906 982]
9



[198 335 337 411 510 670 912 983]
8



[156 537 586 705 788 826 898 975 984]
9



[929 985]
2



[ 206  345  403  595  671  779  844  986 1007]
9



[ 89 154 335 338 401 489 531 606 697 853 931 987]
12



[ 93 268 536 620 644 757 820 847 988]
9



[284 437 495 525 606 663 708 840 958 989]
10



[212 284 574 594 957 963 990]
7



[205 211 701 850 892 991]
6



[425 434 877 886 901 979 992]
7



[325 387 509 876 993]
5



[202 243 306 353 366 683 808 851 994]
9



[295 617 710 995]
4



[497 706 937 996]
4



[213 388 496 551 767 947 988 997]
8



[448 546 747 835 936 947 998]
7



[490 771 873 999]
4



[  96  420  585  834  922 1000 1014]
7



[ 224  431  451  501  728  824  847  925  947 1001]
10



[ 206  248  367  651  889  991  997 1002]
8



[ 237  486 1003]
3



[ 109  524  687  738  842  901 1004]
7



[ 742  780 1005]
3



[ 456  650  679  756  811  858 1006]
7



[ 355  439  478  505  613  710  733  829  855  929 1007]
11



[ 693  874 1008]
3



[ 436 1009]
2



[  82  254  307  838 1010]
5



[ 383  417  599  610  715  826  921  966 1011]
9



[ 241  375  598  762  889  920  930  941 1012]
9



[ 177  228  407  429  449  766  801  966 1000 1013]
10



[ 240  340  732  828  912 1005 1014]
7



[ 484  563  722  737  750  859  892  944  973 1015]
10



[ 280  699  757  844 1016]
5



[ 216  360  498 1017]
4



[ 255  347  606  658  756  893  977 1018]
8



[  59  687  764  877  974 1019]
6



[ 120  473  605  693 1020]
5



[ 425  740 1021]
3



[ 218  314  372  632  829 1022]
6



[ 123  489  559  605  791  980 1023]
7

