

[  9  48 185]
3



[ 52  71 136 157 160 171 184]
7



[  9  31  88 105 157]
5



[  3  56 157]
3



[ 14  56  57 112 128 169 188]
7



[  9  40  87 130]
4



[  9  31  88 105 157]
5



[ 22  43  57  60 108 116 146 184]
8



[  9  40  87 130]
4



[  9  40  87 130]
4



[ 14  45  56 107 112 158 178]
7



[  9  48 185]
3



[ 14  45  56 107 112 158 178]
7



[ 14  45  56 107 112 158 178]
7



[ 14  45  56 107 112 158 178]
7



[ 14  56  57 112 128 169 188]
7



[  3  56 157]
3



[ 14  45  56 107 112 158 178]
7



[  9  31  88 105 157]
5



[ 14  45  56 107 112 158 178]
7



[ 20  75  83 121 155 165 182]
7



[  9  31  88 105 157]
5



[ 22  43  57  60 108 116 146 184]
8



[  9  31  88 105 157]
5



[  9  48 185]
3



[ 22  43  57  60 108 116 146 184]
8



[  9  40  87 130]
4



[  9  48 185]
3



[  9  48 185]
3



[  9  31  88 105 157]
5



[  9  48 185]
3



[  9  31  88 105 157]
5



[  9  31  88 105 157]
5



[  9  31  88 105 157]
5



[ 34  57 165 166 180 184]
6



[  9  48 185]
3



[ 22  43  57  60 108 116 146 184]
8



[  9  48 185]
3



[  9  37  46  49  50 155 181]
7



[ 22  43  57  60 108 116 146 184]
8



[  9  40  87 130]
4



[  9  48 185]
3



[  3  56 157]
3



[ 22  43  57  60 108 116 146 184]
8



[  9  48 185]
3



[  9  31  88 105 157]
5



[  9  48 185]
3



[  9  40  87 130]
4



[  9  48 185]
3



[  9  31  88 105 157]
5



[ 27  30  49  50 108 155]
6



[  9  31  88 105 157]
5



[ 52  71 136 157 160 171 184]
7



[  9  48 185]
3



[  9  48 185]
3



[  9  31  88 105 157]
5



[  3  56 157]
3



[ 22  43  57  60 108 116 146 184]
8



[ 22  43  57  60 108 116 146 184]
8



[  9  31  88 105 157]
5



[ 22  43  57  60 108 116 146 184]
8



[ 27  30  49  50 108 155]
6



[  9  40  87 130]
4



[  9  40  87 130]
4



[  9  48 185]
3



[  3  56 157]
3



[ 22  43  57  60 108 116 146 184]
8



[ 22  43  57  60 108 116 146 184]
8



[  9  31  88 105 157]
5



[  9  48 185]
3



[  9  40  87 130]
4



[  9  31  88 105 157]
5



[  9  48 185]
3



[158 160 177 180]
4



[  9  48 185]
3



[ 20  75  83 121 155 165 182]
7



[  9  40  87 130]
4



[  3  56 157]
3



[ 20  75  83 121 155 165 182]
7



[  9  31  88 105 157]
5



[ 22  43  57  60 108 116 146 184]
8



[ 14  45  56 107 112 158 178]
7



[  9  48 185]
3



[  9  31  88 105 157]
5



[  9  40  87 130]
4



[  9  40  87 130]
4



[ 14  45  56 107 112 158 178]
7



[  9  40  87 130]
4



[  9  31  88 105 157]
5



[  9  48 185]
3



[ 14  45  56 107 112 158 178]
7



[  9  48 185]
3

