

[  0   9  21  60  93 105 160 185]
8



[  1  48  60 109 116 131 146 184 197]
9



[  2  15  27  28  31 118 119 124]
8



[  3   9  47  87 117 157 175 176 179]
9



[  4  21  52  53  72 128 130 147 188]
9



[  5   7   9  47  70  87  90  93 130 147]
10



[  6  37  40  93 105 115 138 156 162]
9



[  7  22  36  48  60  86  89  93 138]
9



[  8  22  56  68 110 117 130 191 199]
9



[  9  40  47  87  93 130 133 147 199]
9



[ 10  75 101 136 160 164 170 199]
8



[ 11  31  43  72  83 108 145 150]
8



[ 12  36  60  86  89 101 112 149 166]
9



[  9  13  42  53  69 106 117 169 197]
9



[ 14  56  64  72 157 178 182 188]
8



[ 15  23  30  44  48  72  82 108 122]
9



[ 16  56  70  87 163 172 176 179]
8



[ 17  69  86 105 158 178 188 196]
8



[ 13  18  57  68  69 117 169 182]
8



[ 14  19  48  86 107 109 112 178 196]
9



[  8  14  20  27  31  91 163 199]
8



[  5   9  21  87  93 119 130 156 196]
9



[  7  22  35  41  48  55  62 153 162]
9



[  9  23  34  53  91 143 154 180 181]
9



[ 23  24  27  83 102 107 121 150 177]
9



[ 25  45  69 105 158 160 184 196]
8



[  8  21  26  31  69  85  88 130 191]
9



[ 27  60  67  72  86 108 137 138 150]
9



[ 28  31  57  69 105 166 177 195]
8



[ 29  35  83  84 101 117 149 162 175 182 199]
11



[  9  30  48  72  93 108 155 181]
8



[  9  31  40  48  69  91 133 140 199]
9



[  5  14  32  36  56  86 135 196]
8



[ 33  37  40 128 160 169 170 182 193]
9



[ 34  67  74  89 124 149 166 180 184]
9



[ 35  83  89 101 149 162 175 184 199]
9



[ 36  48  60  93 104 108 116 131 146]
9



[  9  37  48  72  93 108 133 138 181 185]
10



[ 37  38  40  46 111 115 138 193]
8



[ 15  22  35  39  47  48 162 184]
8



[  9  31  40  48  68  69  91 133 199]
9



[  7  22  35  41  47  48  62 126 162]
9



[  5   9  13  42  53 117 145 169 180]
9



[ 15  22  30  39  43  57  80 108 184]
9



[ 44  48  72  91  93 108 133 146 185]
9



[ 14  45  60 105 149 158 160 184 196]
9



[  9  21  40  46  49  50 136 165]
8



[  3   5   9  47  70  87  93 133 147]
9



[  9  37  48  72  93 108 133 138 181 185]
10



[  9  34  49  50  51  59 143 179]
8



[ 30  43  50  72  82 108 113 155]
8



[  9  40  46  50  51  59  99 111 143]
9



[ 18  25  40  46  52 165 171 184]
8



[  9  13  40  53  69 130 133 184 197]
9



[ 10  35  54  83  89 111 131 160 184 199]
10



[ 15  22  31  48  55  57 108 133 153]
9



[ 21  56  68  90  93 130 147 180 199]
9



[ 36  43  57  58  93 114 180 195]
8



[ 30  43  57  58  68  93 117 151 180]
9



[  9  34  46  48  59  82 143 184]
8



[  7  27  36  48  60  86  89 107 138]
9



[ 27  37  49  50  61  72  93 155 181]
9



[ 40  48  62  63  70  87 119 143 156]
9



[ 40  48  62  63  70  87 119 143 156]
9



[ 40  44  64  67  70 114 133 146]
8



[ 43  65  82 104 108 120 143 161 184]
9



[  1  34  48  58  59  66 177 185]
8



[ 45  60  67 108 109 116 146 160 184]
9



[  8  13  68  69 106 117 169 191 197]
9



[  9  35  40  69 111 158 160 184]
8



[  9  40  47  48  62  70  87  93 119 156]
10



[ 10  34  52  71 136 149 160 184]
8



[ 27  30  48  72  93 108 138 181 185]
9



[ 10  23  71  73  75 157 160 164]
8



[ 45  48  67  74  95 108 146 180]
8



[ 14  43  75  78 101 121 155 165 182]
9



[ 36  76  81 128 150 181 196 197]
8



[  5   7   9  77  91  93 130 180]
8



[ 14  30  43  72  75  78 155 178 182]
9



[ 45  68  69  79 149 153 182 185]
8



[ 18  22  35  43  57  68  80 116 117]
9



[ 36  48  60  81  86  89  93 112 196]
9



[ 15  27  30  48  72  82 108 155]
8



[ 83  89 101 107 111 160 177 182 199]
9



[ 22  84  89 101 102 107 165 182 194 199]
10



[ 22  31  48  55  85 108 133 138 153]
9



[ 37  56  86 111 112 138 158 164 188]
9



[  9  40  47  62  70  87  93 147 156]
9



[  9  45  69  88 105 135 157 160]
8



[ 83  89 101 107 111 131 160 167 182 199]
10



[ 22  47  55  56  90 162 182 199]
8



[  9  48  77  91  93 180 181 199]
8



[ 40  92  99 105 116 165 166 184]
8



[  7   9  36  48  60  93 108 138]
8



[  9  21  40  68  69  94 130 196]
8



[ 36  56  57  95 112 128 156 196]
8



[ 36  44  96 108 128 131 146 160]
8



[ 14  21  28  43  57  97 114 124 142]
9



[  7   9  36  48  60  89  98 107 138]
9



[  9  30  40  47  99 179 184 199]
8



[ 28  46  51  99 100 112 143 166]
8



[ 35  83  89 101 111 131 160 182 193 199]
10



[ 40  48  91 102 107 133 140 146 194 199]
10



[  3   9  44  93 103 117 157 165 180]
9



[ 48  60  93 104 108 109 116 131 146 184]
10



[  9  45  69  88 105 135 160 196]
8



[  9  30  42  66  68 106 117 180]
8



[ 45  60  83  89 107 111 158 160 196]
9



[  9  37  48  72  93 108 133 138 181 185]
10



[ 22  48  60  93 108 109 116 131 146 184]
10



[  9  34  37  38  46 110 155 158]
8



[ 37  48  69 111 133 164 177 185 199]
9



[ 14  36  56  86 107 112 178 196]
8



[  5  27  37  50 108 113 155 179]
8



[ 35  40  70  93 114 146 160 170 172]
9



[ 37  40  70 115 160 170 194]
7



[ 43  60  67 104 108 109 116 146 151 184]
10



[  9  13  68  69 117 151 169 185]
8



[  2  48  51 118 140 141 146 163]
8



[  9  40  47  48  62  70  87  93 119 156]
10



[ 31  37  43 108 113 120 150 177 179]
9



[ 23  24  27  83 102 108 121 150 177]
9



[ 31  44  48  55  59  85 108 122 131]
9



[ 46  69  86 103 115 123 135 188]
8



[ 43  57  60  93 104 108 116 124 151 184]
10



[ 23  24  27 107 111 121 125 165 177]
9



[  8  56 117 126 163 169 176 193 199]
9



[  8  12  21  56  68  90 127 130 147]
9



[ 40  53  62 128 132 156 169 170]
8



[  8  31  45  69  85  88 129 191]
8

