

[  0   9  60  93 105 114 160 197]
8



[ 43  60  80 104 108 109 116 146 151 184]
10



[  2  31 115 118 119 140 163 178 196]
9



[  3   5  47  56  87 172 175 176 179]
9



[  4  21  26  52  53  72 128 130 147]
9



[  5   9  47  70  87  90  93 130 147 156]
10



[  6  37  40  93 105 115 138 156 162]
9



[  7  22  36  48  60  86  89 101 107 138]
10



[  8  56  83  91 102 126 130 133 147 199]
10



[  9  40  47  87  93 130 133 147 199]
9



[ 35  54  83  89 111 131 160 182 193 199]
10



[ 11  27  31  72  83 150 169]
7



[  7  22  36  48  60  86  89 101 107 138]
10



[  9  13  53  69 130 150 152 169 197]
9



[  3  14  56  86 112 157 158 178 188]
9



[ 15  44  48  55  82 108 122 131 180]
9



[  3   5  47  56  70  87 133 172 176]
9



[ 14  25  45  60 105 158 160 184 185]
9



[ 11  18  35  57  68  80 116 117 151 169]
10



[  1  27  45  48  60  82 109 112 178 197]
10



[  8  56 117 126 163 169 176 193 199]
9



[  5   9  47  70  87  90  93 130 147 156]
10



[ 22  35  48  93 109 116 131 146 163 184]
10



[  9  23  34  53  77  91 154 180 181]
9



[ 27  83  89 102 107 165 177 182 199]
9



[ 14  25  45  60 105 158 160 184 185]
9



[ 24  26  27  61 102 107 121 125 165 177]
10



[ 27  48  60  67  86 108 112 138 152]
9



[ 18  28  31  35  57  69 124 177 195]
9



[ 35  83  84  89 101 117 149 162 175 182 199]
11



[ 24  27  30  46  49  50  61  72 155 181]
10



[  3   9  31  39  40  69  91 133 140]
9



[ 14  56  86 112 128 168 169 178 188]
9



[ 40  62  68 102 169 170 182 193 199]
9

