

[  0  23  90 102 178 325 390 393 526 549 736 840]
12



[  1 103 339 395 648 809]
6



[  2  69 115 551 552 779]
6



[  3  29 113 325 562 591 683]
7



[  4  93 146 265 448 648 916]
7



[  5 198 284 461 526]
5



[  6  17 180 192 282 407 726 783 834]
9



[  7  49  91 164 193 256 310 719 805]
9



[  8  82  93 158 301]
5



[  9  36 323 377 461 591 813]
7



[ 10  17  77 190 263 411 802 910]
8



[ 11  49 152 279 302 386]
6



[ 12 116 184 294 574 649 732]
7



[ 13  19 185 398 684]
5



[ 14 122 322 623 702]
5



[ 15 255 462 550 670 863]
6



[ 16 122 259 342 448 752 794 913]
8



[ 17 263 320 349 516 568 609 691]
8



[ 18 139 226 298 670]
5



[ 19 193 597 689]
4



[ 20  46  90 178 281 380 599 612 669 980]
10



[ 21 247 301 369 527]
5



[ 22 179 196 351 370 654]
6



[ 23  60  89 101 141 163 210 255 371 469 596 774]
12



[ 24 414 473 531 640]
5



[ 25  44  64 107 133 253 286 309 376 527 545 595 696 827 841]
15



[ 26 392]
2



[ 12  27  54  65 215 371 459 605 657 927]
10



[ 28 118 446 696 724 862]
6



[ 29  58  72 197 219 531 549 845]
8



[  9  30  53 175 263 298 396 562 792 831]
10



[ 31  70 259 478 563 602 665 959]
8



[ 32 517 806 880]
4



[ 33 135 172 275 365 449 573 657 739 937]
10



[ 24  34 513 571 898]
5



[ 35  81 186 239 271 379 451 560 755 787 939]
11



[ 30  36  80 366 417 610 686 808]
8



[ 37 110 185 224 262 307 692]
7



[ 38 580 631 672 790 803]
6



[ 39 571]
2



[  5  30  40 281 873]
5



[ 41  74 143 253 290 672]
6



[ 42 118 121 137 188 218 239 611 770]
9

