

[  0   9  60  93 105 114 160 197]
8



[ 43  60  80 104 108 109 116 146 151 184]
10



[  2  31 115 118 119 140 163 178 196]
9



[  3   5  47  56  87 172 175 176 179]
9



[  4  21  26  52  53  72 128 130 147]
9



[  5   9  47  70  87  90  93 130 147 156]
10



[  6  37  40  93 105 115 138 156 162]
9



[  7  22  36  48  60  86  89 101 107 138]
10



[  8  56  83  91 102 126 130 133 147 199]
10



[  9  40  47  87  93 130 133 147 199]
9



[ 35  54  83  89 111 131 160 182 193 199]
10



[ 11  27  31  72  83 150 169]
7



[  7  22  36  48  60  86  89 101 107 138]
10



[  9  13  53  69 130 150 152 169 197]
9



[  3  14  56  86 112 157 158 178 188]
9



[ 15  44  48  55  82 108 122 131 180]
9



[  3   5  47  56  70  87 133 172 176]
9



[ 14  25  45  60 105 158 160 184 185]
9



[ 11  18  35  57  68  80 116 117 151 169]
10



[  1  27  45  48  60  82 109 112 178 197]
10



[  8  56 117 126 163 169 176 193 199]
9



[  5   9  47  70  87  90  93 130 147 156]
10



[ 22  35  48  93 109 116 131 146 163 184]
10



[  9  23  34  53  77  91 154 180 181]
9



[ 27  83  89 102 107 165 177 182 199]
9



[ 14  25  45  60 105 158 160 184 185]
9



[ 24  26  27  61 102 107 121 125 165 177]
10



[ 27  48  60  67  86 108 112 138 152]
9



[ 18  28  31  35  57  69 124 177 195]
9



[ 35  83  84  89 101 117 149 162 175 182 199]
11



[ 24  27  30  46  49  50  61  72 155 181]
10



[  3   9  31  39  40  69  91 133 140]
9



[ 14  56  86 112 128 168 169 178 188]
9



[ 40  62  68 102 169 170 182 193 199]
9



[ 34  67  74  89 149 165 166 180 184]
9



[ 35  83  84  89 101 117 149 162 175 182 199]
11



[  7  22  36  48  60  86  89 101 107 138]
10



[  9  37  48  72  93 108 133 138 181 185]
10



[ 27  37  38  46  86 111 115 159 188]
9



[ 22  30  39  47  48  57  58  93 184]
9



[  9  31  40  68  91 102 130 133 199]
9



[  7  22  35  41  47  48  62  84 162]
9



[  3   5   9  13  42  66 117 175 180 186]
10



[ 43  60  80 104 108 109 116 146 151 184]
10



[ 15  31  40  44  48  55 108 133 152]
9



[ 14  25  45  60 105 158 160 184 185]
9



[ 9 30 40 46 49 50 51 59 88]
9



[  5   9  47  70  87  90  93 130 147 156]
10



[  9  37  48  72  93 108 133 138 181 185]
10



[  9  34  46  50  51  65  82  99 143]
9



[ 24  27  30  46  49  50  61  72 155 181]
10



[  9  34  46  50  51  65  82  99 143]
9



[ 18  25  33 151 158 160 171 185]
8



[  9  13  40  48  68  69 132 133 184 197]
10



[ 35  54  83  89 111 131 160 182 193 199]
10



[ 22  31  48  55  85 133 138 153 174]
9



[ 21  56  68  90  93 130 147 180 199]
9



[ 43  60  80 104 108 109 116 146 151 184]
10



[ 13  33  42  57  58  68 117 145 169 180]
10



[  9  34  46  50  51  65  82  99 143]
9



[  7  22  36  48  60  86  89 101 107 138]
10



[ 24  27  30  46  49  50  61  72 155 181]
10



[  9  40  47  48  62  70  87  93 119 156]
10



[  9  40  47  48  62  70  87  93 119 156]
10



[  5  56  64  70  93 114 129 133 172]
9



[ 43  65 104 108 109 116 120 146 179 184]
10



[  1  12  21  48  59  60  66 177 185]
9



[ 43  60  80 104 108 109 116 146 151 184]
10



[ 31  68  69 106 149 150 169 191 196 197]
10



[  9  35  53  69  99 111 184 185 199]
9



[  5   9  47  70  87  90  93 130 147 156]
10



[ 34  71  73 131 157 158 160 180 184]
9



[  9  37  72  93  99 117 151 181 185 199]
10



[ 34  71  73 131 157 158 160 180 184]
9



[ 15  44  48  55  82 108 122 131 180]
9



[ 43  75  78  83 101 121 136 155 164 165]
10



[ 11  62  72  76 128 150 156 169 171]
9



[  7  13  55  57  77 130 168 180 190]
9



[ 14  30  43  72  75  82 155 178 182]
9



[ 14  25  45  60 105 158 160 184 185]
9



[ 11  18  35  57  68  80 116 117 151 169]
10



[  7  22  36  48  60  86  89 101 107 138]
10



[ 24  27  30  46  49  50  61  72 155 181]
10



[ 35  54  83  89 111 131 160 182 193 199]
10



[ 35  83  84  89 101 117 149 162 175 182 199]
11



[ 22  31  48  55  85 133 138 153 174]
9



[  7  22  36  48  60  86  89 101 107 138]
10



[  5   9  47  70  87  90  93 130 147 156]
10



[  9  45  51  59  88 105 135 157 176]
9



[ 35  54  83  89 111 131 160 182 193 199]
10



[  8  21  55  56  87  90 120 137 162]
9



[  9  37  48  72  93 108 133 138 181 185]
10



[ 40  46  59  69  99 116 124 166 184]
9



[  5   9  47  70  87  90  93 130 147 156]
10



[  9  21  40  53  69  94 119 130 156]
9



[ 36  56  87  95 112 128 143 156 178 196]
10



[  5  36  93 114 131 135 160 180 196]
9



[ 14  21  28  43  57  97 112 142 188]
9



[  7  22  36  48  60  86  89 101 107 138]
10



[  9  53  69  99 117 140 179 185 199]
9



[  9  34  46  50  51  65  82  99 143]
9



[ 35  54  83  89 111 131 160 182 193 199]
10



[ 40  48  91 102 107 133 140 146 194 199]
10



[  3   9  44  93 103 117 154 157 180]
9



[ 43  60  80 104 108 109 116 146 151 184]
10



[  9  31  40  69 105 114 140 152 196]
9



[  5   9  42  59 114 145 168 175 180 186]
10



[ 35  54  83  89 111 131 160 182 193 199]
10



[  9  37  48  72  93 108 133 138 181 185]
10



[ 43  60  80 104 108 109 116 146 151 184]
10



[  9  34  46  66  94 110 155 165 166]
9



[ 37  48  69 111 133 164 177 185 199]
9



[  1  27  45  48  60  82 109 112 178 197]
10



[ 30  43  50 108 109 113 155 179]
8



[ 33  40  58  70  93 114 115 129 160 170]
10



[  6  37  40  93 105 115 138 156 162]
9



[ 43  60  80 104 108 109 116 146 151 184]
10



[  9  13  53  69 130 150 152 169 197]
9



[  2  15  28  31  51 114 118 140 141]
9



[  9  40  47  48  62  70  87  93 119 156]
10



[ 31  37  43 108 113 120 150 177 179]
9



[ 27  83  89 102 107 165 177 182 199]
9



[ 15  44  48  55  82 108 122 131 180]
9



[ 59  69  86 105 123 157 178 188]
8



[ 43  60  80 104 108 109 116 146 151 184]
10



[ 27  83  89 102 107 165 177 182 199]
9



[  8  56  83  91 102 126 130 133 147 199]
10



[  8  12  21  56 127 130 147 198]
8



[  9  40  47  48  62  70  87  93 119 156]
10



[ 24  45  56  88 144 162 163 189 191]
9



[  9  39  72  91  93 130 133 147 181]
9



[  7  22  36  48  60  86  89 101 107 138]
10



[  9  21  40  53  69  94 119 130 156]
9



[  9  37  48  72  93 108 133 138 181 185]
10



[  5   9  47  70  87  90  93 130 147 156]
10



[  9  45  51  59  88 105 135 157 176]
9



[  6   9  30  40  46  68  75 136 169]
9



[  7  22  36  48  60  86  89 101 107 138]
10



[  7  22  36  48  60  86  89 101 107 138]
10



[ 14  45  62  79 105 107 135 158 160]
9



[  3   9  31  39  40  69  91 133 140]
9



[ 11  46  50  51  72  82 111 113 141]
9



[ 57  69  97 114 124 136 142 160 164]
9



[  9  40  47  48  62  70  87  93 119 156]
10



[ 23  44  48  64  72  82 111 122 144]
9



[  3   5   9  13  42  66 117 175 180 186]
10



[ 43  60  80 104 108 109 116 146 151 184]
10



[  5   9  47  70  87  90  93 130 147 156]
10



[ 36  48  60  93 104 108 138 146 148 185]
10



[ 14  25  45  60 105 158 160 184 185]
9



[  9  37  53  72  99 108 150 181 185]
9



[ 43  60  80 104 108 109 116 146 151 184]
10



[  9  13  53  69 130 150 152 169 197]
9



[ 14  15  21  31  43  85 119 153 174]
9



[  9  37  72  93  99 117 151 181 185 199]
10



[ 14  30  43  72  75  82 155 178 182]
9



[  9  40  47  48  62  70  87  93 119 156]
10



[  3  13  49  68  69 116 120 157 179]
9



[ 14  25  45  60 105 158 160 184 185]
9



[ 37  38  46  86 111 113 158 159 164 188]
10



[ 35  69  99 111 142 146 184 185 199]
9



[ 56  57  65  91 102 108 133 146 161]
9



[ 22  35  55  62  89 162 182 194 199]
9



[  8  56 117 126 163 169 176 193 199]
9



[ 75 101 102 160 164 167 169 170 199]
9



[ 35  83  84  89 101 117 149 162 175 182 199]
11



[ 43  60  80 104 108 109 116 146 151 184]
10



[ 35  54  83  89 111 131 160 182 193 199]
10



[ 14  56  57  68  81 112 128 168 169]
9



[ 11  18  35  57  68  80 116 117 151 169]
10



[ 33  40  58  70  93 114 115 129 160 170]
10



[  4   6  84 117 144 165 171 178 182]
9



[  3   5  47  56  70  87 133 172 176]
9



[  8  56 117 126 163 169 176 193 199]
9



[ 15  44  48  55  82 108 122 131 180]
9



[  5   9  42  59 114 145 168 175 180 186]
10



[  3   5  47  56  87 172 175 176 179]
9



[ 35  54  83  89 111 131 160 182 193 199]
10



[  1  27  45  48  60  82 109 112 178 197]
10



[  9  53  69  99 117 140 179 185 199]
9



[  3   5   9  36  44  93 114 175 180]
9



[  9  37  72  93  99 117 151 181 185 199]
10



[ 35  83  84  89 101 117 149 162 175 182 199]
11



[  4  10  38 115 141 162 170 173 183]
9



[ 43  60  80 104 108 109 116 146 151 184]
10



[  9  35  53  69  99 111 184 185 199]
9



[  3   5   9  13  42  66 117 175 180 186]
10



[  4   5  36  56  90  95 137 146 187]
9



[ 14  56  86 112 128 168 169 178 188]
9



[ 24  45  56  88 144 162 163 189 191]
9



[ 35  69 101 117 126 151 160 169 193 199]
10



[ 31  68  69 106 149 150 169 191 196 197]
10



[  8  21  26  31  68  69 130 150 191]
9



[ 35  69 101 117 126 151 160 169 193 199]
10



[ 40  48  91 102 107 133 140 146 194 199]
10



[ 35  83  84  89 101 117 149 162 175 182 199]
11



[ 36  48  60  87 107 112 156 178 196 197]
10



[  9  13  40  48  68  69 132 133 184 197]
10



[ 17  19 112 128 156 178 196 197 198]
9



[ 35  83  84  89 101 117 149 162 175 182 199]
11

