

[  0 102 201 323 368 408]
6



[  1  88 171 229 569]
5



[  2  79 112 182 551 580]
6



[  3 297 418 538 715]
5



[  4 173 230 273 290 316 541 776]
8



[  5 833]
2



[  6  72 154 226 267 300 350 540 694 786]
10



[  7  16 140 182 521 563 613 719]
8



[  8 162 206 322 457 515 704 824 844]
9



[  9 132 207 365 543 544 581 643 685]
9



[ 10 190 216 275 300 390 534 553 576 643]
10



[ 11 193 458]
3



[ 12  43 101 126 294 596 972]
7



[ 13  42  49 196 364 539 572 809]
8



[ 14 199 290 428 535 557 578 734 847]
9



[ 15  65 119 166 204 264 407 531 553 703]
10



[ 16  61 217 279 539 689 849 916]
8



[ 17 139 197 547 585 663 688]
7



[ 18 156]
2



[ 19 162 439 661 722 775]
6



[ 20 311 326 594 629 708]
6



[ 21  38 173 208 319 342 385 530 665 692 709]
11



[ 22  93 273 517 575 626]
6



[ 23 123 165 190 291 503 591]
7



[ 24  85 516 543]
4



[  2  25 248 443 794 809 985]
7



[ 26 296 348 370 398]
5



[ 27  45  92 210 427 520]
6



[ 28  41 100 176 218 253 351 468 794]
9



[ 18  29 126 393 509 520 645 667 732 863]
10



[ 30  80 198 335 430 559 588 603 660 792 822 990]
12



[ 31  69 217 331 471 861]
6



[ 32 109 200 244 569 577 684 770 929]
9



[ 33 120 135 136 480 531 802 881 933]
9



[ 34 142 210 360 804]
5



[ 35 104 138 314 403 587 699 737 883]
9



[  9  36  51 175 197 312 374 609 742]
9



[  8  37 174 185 310 324 385 529 653 675]
10



[ 21  26  38  79 268 289 362 439 572 578 750 790 932]
13



[ 39 198 318 534 581]
5



[ 20  40 165 282 444 514 571]
7



[ 41  69 292 433 551 769 829]
7



[ 42 203 292 584 672 770]
6



[  5  43 178 288 423 490 603 609]
8



[ 44 191 234 290 334 555 672 749 829]
9



[ 45 149 228 568 717 797 940]
7



[ 46 139 198 232 356 423 874]
7



[  8  47  49  91 747]
5



[  6  48 105 126 136 243 315 373 556 660 697]
11



[ 42  49 151 152 608 701 913]
7



[ 50 289 339 358 446 827]
6



[ 51 250]
2



[ 52  76 695 956]
4



[ 27  53  86 178 231 380 447 593 663 765]
10



[ 54 245 282 531 573 674 726 948]
8



[ 55 185 271 274 289 316 557 560 871 950]
10



[ 56 148 496 936]
4



[ 57 567 683 785]
4



[  53   58  444  523  639  658  697 1018]
8



[ 59 158 638]
3



[ 60 102 249 278 814 924]
6



[ 61 174 241 439]
4



[ 32  62  82 107 117 140 179 248 280 607 890]
11



[ 63 377 427 826]
4



[ 64 140 262 355 385 484 522 604]
8



[ 65 232 272 417 582]
5



[ 36  58  66 113 452 547 778]
7



[ 26  38  67 117 545 659]
6



[ 68  89 222 237 449 840]
6



[ 11  38  69 239 273 328 342 451 973]
9



[ 32  47  70  88 117 242 259 398 487 522 566 611 704 719 982]
15



[ 71 706 903]
3



[ 29  72 129 184 222 622 633]
7



[ 73 185 220 296 339]
5



[ 74 722]
2



[ 75 255 616 739]
4



[ 16  41  76 133 158 194 239 248 262 346 428 548 618 648 796 877]
16



[ 77 526 593]
3



[ 78  85 136 166 195 303 540 554 708 894]
10



[ 79 140 194 285 328 475 522 557 601]
9



[ 80 282 500 816]
4



[ 81 118 224 376 475]
5



[ 82 176 199 254 279 362 372 570 577 631 714 838]
12



[ 83  92 159 281 354 576 639 715 858]
9



[ 73  84 146 206 352 560 668 981]
8



[ 85 531 797 848]
4



[ 29  72  86 730]
4



[ 25  87 122 193 415 501 611 647 733 837]
10



[ 41  88 127 203 236 241 283 477 529 590 628]
11



[ 53  68  89 114 147 156 383 528 571 599 636]
11



[ 34  90 537 732]
4



[ 49  91 186 199 395 721]
6



[ 92 202 228 272 414 469]
6



[ 70  93 203 276 339 628 889]
7



[ 94 203 302 410 566 618]
6



[ 68  95 574 663 860]
5



[ 12  96 169 180 291 312 329 366 549 582 884]
11



[ 97 295 578 589 809]
5



[ 98 214 229 545 566 682 704 770]
8



[ 99 169 198 480 599]
5



[100 134 341 376 481 524 743 964]
8



[101 252 371 685 739 801 965]
7



[ 20  90 102 390 510 804 854]
7



[ 73 103 171 370 451]
5



[ 81 104 865]
3



[ 29  51 105 497 673]
5



[  48  106  380  571  674 1018]
6



[ 19 107 289 358 395 569 859]
7



[108 260 335 424 624]
5



[  56   67  109  428  481  558  872 1021]
8



[  4 110 877]
3



[ 90 111 139 226 263 380 430 811 869 975]
10



[112 251]
2



[113 765 993]
3



[ 95 114 190 202 278 500]
6



[ 47 115 176 313]
4



[ 34 116 232 243 311 312 464 836]
8



[ 28  73 117 758]
4



[ 42  93 118 316 422 496 764 818 878]
9



[  3 105 119 150 250 347]
6



[ 78 120 219 315 490 497 520 609 697]
9



[121 242 809]
3



[ 76 122 211 322 747 824]
6



[ 39 123 246 297 343 568 831]
7



[124 292 336 566 684 796]
6



[ 75 125 232 269 444 479 622 624 869]
9



[126 154]
2



[ 22 127 348 558]
4



[ 19  52  69 128 236 241 421 899]
8



[  6  40  80 129 180 231 753 777 903 928]
10



[130 449 576 645 686 688 994]
7



[131 229 261 535 653 699]
6



[ 48  92 132 550 658 725 960]
7



[133 182 200 285 295 687 932]
7



[ 98 134 168 211 412 558 583 758 964]
9



[135 154 212 235 393 559 581 723 771 927]
10



[136 298 390 480 544 708]
6



[ 37  88 137 196 475 647]
6



[ 50 138 211 770 939 974]
6



[ 23 139 226 591]
4



[ 47 100 140 265 426 666 844]
7



[141 160 187 260 430 437 715]
7



[142 165 387 586 748 927]
6



[ 87 143 200 262 478 733 908]
7



[ 66 135 144 281 396 449 540 712 945]
9



[145 307 565 648 769]
5



[  4 146 185 193 322 392 422 695 784]
9



[147 257 343 442 763 795 903]
7



[148 274 415 642 728]
5



[149 160 201 278]
4



[ 90 150 209 252 503 531 630 693]
8



[ 69 115 151 285 475 527 532 678]
8



[  1  31 112 152 214 388 530 569 764 905 944]
11



[ 18 153 192 723 765]
5



[154 723]
2



[ 155  188  239  259  313  465  529  570  905  919 1019]
11



[ 58  85 129 156]
4



[157 211 254 286 395 501 662 696]
8



[ 42 158 179 244 392 566 661]
7



[  6 159 282 303 437 459 591 649 658]
9



[  17  135  160  201  368  430  697 1000]
8



[ 25  42  55  64 161 205 242 259 428 443 548 701 707 744]
14



[  4 162 206 310 648 810]
6



[  0  45 163 201 267 353 650 688]
8



[164 440 518 613 896]
5



[  0 165 353 486 533 680 691 807]
8



[166 202 387 526 564 766 807]
7



[ 21 115 167 271 403]
5



[168 364 422 481 506 608 714 764 944]
9



[169 226 329 396 447 640 691 748]
8



[170 222 450 492]
4



[ 19 171 731 744 875 953]
6



[ 43 172 332 404 489]
5



[ 173  678  812 1007]
4



[146 174 199 244 551 672]
6



[119 175 228 543 621 652 691]
7



[117 151 176 273 392 421 508 665 762 916]
10



[  34  177  228  275  293  393  469  759  825 1008]
10



[178 308 561 630]
4



[ 62 143 179 213 551 731 939]
7



[  5  96 180 210 384 708 765]
7



[  4  97 174 181 375 755]
6



[  4 182 400 443 494 614 659 687]
8



[ 183  343  418  686  763  917 1014]
7



[ 89 147 184 284 753]
5



[115 185 223 289 737]
5



[ 11 186 409 419 478 546 714]
7



[ 15 149 187 246 467 490 554 567 739 907]
10



[ 38 188 206 410 542 690 761 812]
8



[189 396 945]
3



[ 12 163 190 232 476 559 828]
7



[ 28  49 191 229 301 351 508 535 635 734 942]
11



[ 90 192 486 756 848]
5



[ 25  74 193 289 466 681]
6



[  7 158 194 290 968 998]
6



[142 160 195 343 389 741 746]
7



[ 28 112 196 292 392 584 721 973 992]
9



[ 36  92 150 197 459 585 735 756 977]
9



[ 30 114 144 198 396 514 712 978]
8



[ 94 148 199 200 331 551 737 837]
8



[200 512 740]
3



[ 17  43 160 189 201 377 708 843 897]
9



[ 15  80 190 202 350 384 492 622 664 910 978]
11



[ 69  88 146 203 379 487 617]
7



[ 204  249  474  989 1000]
5



[100 188 205 227 687 710 908]
7



[ 69 206 457 644 651 733]
6



[126 207 216 270 450 509 586]
7



[208 247 436 626 737 896]
6



[105 209 373 756]
4



[210 534 851]
3



[ 88 176 211 587 767 947 986]
7



[  6 212 373 389 462 528]
6



[213 481 662]
3



[162 214 286 341 460 566 838]
7



[ 18  92 111 202 215 404 447 498 581 763]
10



[   0  105  116  170  177  216  332  649  748  980 1018]
11



[171 217 313 488 701 719]
6



[ 64  87 121 218 477 488 638 710]
8



[ 85 219 281 394 753 955 969]
7



[ 52 220 541 757]
4



[ 12  27  65 183 221]
5



[ 27  54  77 222 326 344 399 404 492 498 526 715 720 894]
14



[ 19 181 223 230 451 631 847]
7



[ 76 224 632]
3



[225 467 490 513 621]
5



[  0 226 547]
3



[227 453 546 623]
4



[228 550 711]
3



[ 35  84 121 137 206 229 436 548 764]
9



[230 434 511 598]
4



[   3  190  210  231  232  418  663  685  839 1014]
10



[  90  163  232  332  368  408  993 1020]
8



[ 91 112 162 233 395 484 677 865]
8



[234 302]
2



[130 235 246]
3



[236 668]
2



[   9   92  209  237  503  673  869  989 1003]
9



[ 71 136 238 685]
4



[239 362 481 647 755]
5



[ 170  204  240  380  438  633  676  759  848 1000]
10



[ 91 118 220 241 336 416 597 883 913]
9



[110 134 229 242 352 508 707 724 767 886]
10



[243 359 437 479 490 594 742]
7



[ 97 244 341 637 689]
5



[ 29  80 245 429 853]
5



[ 36 156 197 246 735]
5



[247 433 491 535]
4



[193 239 248 416 572 733]
6



[ 17 249 510 605 723 891]
6



[ 147  204  250  616  627 1003 1008]
7



[  55  109  112  161  251  355  434  719  764 1001]
10



[  58  226  252 1023]
4



[ 21 253 684 689]
4



[151 171 194 254 319 463 570 590]
8



[ 27  77 120 156 202 209 255 500 606 683 748 879]
12



[ 11 161 256 410 484]
5



[ 15 257 344 450 864 933]
6



[ 58 258 816]
3



[ 38  74  97 259 475 512 782 793 866 901]
10



[260 462 783 996]
4



[261 580 661 793]
4



[262 400 542 844]
4



[263 298 483 533 819 983]
6



[264 365 516]
3



[121 265 336]
3



[137 266 361 466 546 899]
6



[267 360 408 467 495 768 858 955]
8



[ 79 124 268 295 362 522 557 868 936]
9



[ 36  65 269 318 456 645 836 910]
8



[ 20 190 270 297 306 490 525 606 828]
9



[171 271 273 458 796]
5



[113 129 272 329 394 441 534 948]
8



[ 61 217 273 412 466 535 861]
7



[274 499]
2



[ 57  75 144 275 303 438 473]
7



[ 13  32 118 181 276 398 572 597 799 817 838 914]
12



[ 54 144 270 277 429 768 839 884]
8



[246 278 540 594 887]
5



[ 50  91 256 279 299 369 511 527]
8



[ 31 280 352 521 572 985]
6



[ 83 281 543 780]
4



[114 282 317 335 337 537 816 910]
8



[  7 107 186 283 296 309 321 478 784 803 890]
11



[  5 284 320 437 520 636 816 900]
8



[ 76 127 158 285 304 321 508 539 557 733 847 949]
12



[ 42 157 286 395 436 527 566 852]
8



[111 287 300 373 441 567]
6



[288 315 323 402 640 792 807]
7



[289 400 521 824 871]
5



[ 70 227 290 309 391 425 484 769 812 871 906]
11



[ 66 291 360 449 643 795 937]
7



[292 397 557 824 852 929]
6



[ 54 189 293 349 497 887 943]
7



[101 142 269 294 360 498 819 918 996]
9



[295 782]
2



[ 49 122 296 334 385]
5



[  5  10 123 297 349 366 432 559 888 931]
10



[298 368 786]
3



[138 167 262 299 463 699 781]
7



[ 54  92 237 300 413 423 500 516 616 801 904]
11



[301 358 415 426 501 527 701 905]
8



[ 26 302 309 331 506]
5



[ 75 126 303 308 389 479 492 543 869]
9



[ 81 304 388 446 769 850 920]
7



[ 65 267 305 338 384 444 483 627]
8



[ 23  24 106 240 306 359 627 798 952 994]
10



[107 261 307 436 539 829]
6



[156 178 245 308 528 869]
6



[247 309 345 397]
4



[310 895]
2



[ 45 311 801 955]
4



[ 27 169 312 338 540 562 891]
7



[  1 171 313 457 506 560 789 883]
8



[314 364 666]
3



[  15  105  219  264  278  315  323  423  634 1011]
10



[140 316 410 431 856]
5



[  15  119  172  249  260  317  337  553  791  814  845  891 1020]
13



[154 252 297 318 356 507]
6



[ 38  41 188 319 333 362 541 635 695 942]
10



[ 85  90 144 201 228 275 320 476 804 873 970]
11



[  32   88  109  268  321  362  859  896 1001]
9



[ 42 268 289 322 391 478 611 855 890]
9



[ 95 210 303 323 576]
5



[ 32 324 493 496 518 620 865]
7



[195 317 325 860]
4



[326 708 876 999]
4



[  4  94  98 239 327 439 631 770 799]
9



[273 314 327 328 587 781 936 974]
8



[ 33 141 329 619 893 975]
6



[142 330 585]
3



[ 47  81 331 426 521 618]
6



[ 75 120 141 287 297 332 430 500 879 966]
10



[299 333 971]
3



[ 47 138 276 334 339 381 415 428 502 587 776 962]
12



[105 221 335 470 603]
5



[  4 117 316 331 336 416 505 865 988]
9



[101 212 278 291 337 389 474 503 768 839 882]
11



[ 23 202 243 260 281 291 338 600 726 963]
10



[ 73 131 251 339 381 769 947 962]
8



[222 293 340 528 725 845 864 924]
8



[157 316 341 448 505 604 784 841]
8



[ 62 112 342 506 535 883]
6



[ 29  39 343 399 531 582]
6



[258 344 404 586 884]
5



[ 56 115 259 345 521]
5



[ 56  73 206 299 346 434 465 604 618 971]
10



[ 29 347 365 498 887]
5



[ 69 188 223 348 397]
5



[ 86 101 275 303 349 459 503 591]
8



[350 363]
2



[ 67 254 351 637 827]
5



[161 352 454 552 856]
5



[275 326 353 745 816 845]
6



[ 18 315 354 816 858 898]
6



[355 386]
2



[ 60  85 192 257 330 356]
6



[  49   98  244  271  310  357  376  405  589  829 1004]
11



[358 471 942]
3



[ 54 106 359 804 951]
5



[  24  269  360  588  760  814 1005]
7



[  8  35 122 261 361 426 451 812]
8



[ 32  47 203 230 265 339 362 472 493 617 832 936]
12



[363 993]
2



[ 122  261  345  364  572  614  749  815 1022]
9



[365 843 860]
3



[ 116  366  867 1018]
4



[ 42 285 322 367 481 589 635 782 892 971]
10



[  18  246  368  424  450  485  596  792  876 1017]
10



[  69  299  369  382  451  737  829  871  872  913 1019]
11



[  16   97  162  259  370  410  563  849 1012]
9



[ 96 210 371 633 826 848 987]
7



[372 422 511 631 632 740 829]
7



[ 257  306  335  373  753  788  999 1020]
8



[ 83 363 374 407 474 948]
6



[ 81 122 352 375 505 607 850]
7



[185 376 493]
3



[219 343 377 955]
4



[ 119  232  378  476  571  798  938 1008]
8



[234 266 379 501 959]
5



[ 89 190 293 306 380 396 441 464 495 588 948]
11



[ 213  239  381  484  565  812  827  880 1001]
9



[382 466 866]
3



[ 190  282  383  470  874 1011]
6



[ 36 209 232 384 399 444 771 984]
8



[181 361 385 406 496 923]
6



[182 328 386 463 675 961]
6



[387 432 462 547 649 658 839 938]
8



[388 580 981]
3



[ 65 270 389 418]
4



[ 86 156 390 510 718 798 834]
7



[ 38 206 391 465 583 782 787 916]
8



[133 276 376 392 431 466 714 954]
8



[189 258 393 513 960]
5



[219 284 335 394 586 774]
6



[  1 194 395 505 793 930]
6



[281 396 649 748 958]
5



[138 167 217 327 397 440 501 719 841]
9



[ 70 218 398 542 806 919]
6



[153 399]
2



[186 292 400 592 901]
5



[ 24 260 401 455 476 533 833 898]
8



[ 402  430  917  931 1014]
5



[ 11  21 115 403 496 656 675 770 799 849 953 986]
12



[  92  129  373  404  462  473  480  773  798  904  934  945 1020]
13



[143 253 405 529 662]
5



[372 406 443 666 724 944]
6



[ 293  407  533  735  839 1013]
6



[187 222 387 408 658 700 778 848 917]
9



[ 73 259 301 376 409]
5



[ 14 122 151 388 410 702 913]
7



[278 317 411 669 857]
5



[346 412 542 954]
4



[335 413 427 504 922]
5



[136 414 429 831 938]
5



[ 21 188 299 415 687 988]
6



[  49  410  416  468  818 1016]
6



[240 417 473 864]
4



[ 18 180 305 360 418 452 547 882 940 993]
10



[ 107  182  400  419  818  902  997 1019]
8



[163 284 420 470 748]
5



[  7 171 253 421 463 953]
6



[ 35 261 410 422 743]
5



[ 45 308 396 423 442 467 791 814 907]
9



[ 36 154 189 258 281 303 424 780 873]
9



[ 44 138 425]
3



[ 44 185 304 391 426 570 782 956]
8



[ 27  45 177 201 377 427 474 698 874]
9



[196 253 428 905 944]
5



[353 390 429 686 927]
5



[ 58 165 252 297 308 332 430 455 622 680 703 798 807 898]
14



[   7  186  203  403  431  484  949  967 1019]
9



[432 456 510 934]
4



[339 433 482 865 932]
5



[ 118  434  454  570  659 1002]
6



[ 165  246  294  378  414  424  435  464  688  917 1023]
11



[  4  61 179 224 279 280 357 386 436 677]
10



[300 377 437 831 884 934]
6



[119 368 438 469 562 903 945]
7



[211 304 381 388 439 481 805 883 913]
9



[244 251 440 827]
4



[441 691 745 888]
4



[  18  163  232  371  413  442 1006]
7



[266 304 412 443 539 830 936 949]
8



[177 255 444 564 876 951 989]
7



[148 205 382 445 491 665 687 827]
8



[127 134 234 405 446 906]
6



[ 46 293 312 396 447 698 934]
7



[362 448 738 800]
4



[160 245 264 449 470]
5



[250 288 427 450 461 715 771]
7



[239 336 426 451 484 505 838]
7



[150 165 221 354 365 452 928]
7



[  13  117  367  412  422  453  583  740  865  974  976 1021]
12



[351 370 385 454 644 727 852 878]
8



[ 75 455 500 507 718]
5



[169 228 281 335 389 444 456 585 664 746 778 836 928 963 990]
15



[121 227 412 457]
4



[134 168 211 379 458]
5



[  77   99  170  287  320  408  459  706  751  858  910  983 1000]
13



[331 352 386 440 460]
5



[ 252  317  427  461  860  873 1006]
7



[221 393 462 708]
4



[ 11 319 463 855 899 926 964 985]
8



[  89  424  464  881  917 1014]
6



[ 19 421 440 465 793 919]
6



[162 206 466 592]
4



[ 66 123 245 350 427 461 467 593 739]
9



[157 176 200 280 358 468 481 740]
8



[ 95 380 459 469]
4



[ 92 219 238 240 394 435 470 509 725 927 972]
11



[167 271 357 471 959]
5



[ 188  472  601  714  872 1012]
6



[  9 177 427 473 593]
5



[315 474]
2



[158 253 313 475 861 883 962]
7



[215 476 485]
3



[133 206 273 327 425 477 727 761 862 885]
10



[ 26  87 124 191 203 230 285 391 478 762 856 906]
12



[204 250 479 715]
4



[114 366 459 480 503 612 688 745 940 966]
10



[ 49 443 481]
3



[164 431 482 611 750 886 954]
7



[105 257 306 441 483 751 881 928]
8



[ 64 117 205 227 370 465 484 548 710 871 941 950]
12



[201 212 238 368 438 485 645 870 960]
9



[111 232 278 291 300 394 464 486 550 706 741 894 948]
13



[131 279 466 487]
4



[ 220  242  324  379  433  488  632  672  750  939 1012]
11



[120 175 195 269 442 489 553 833 907 933]
10



[252 264 374 432 490 754 910]
7



[110 168 295 491]
4



[492 840]
2



[355 422 458 493 841 908]
6



[248 436 477 494]
4



[ 63 243 474 495 843 910]
6



[128 280 453 491 496 696]
6



[  85  169  192  288  378  497  869 1000]
8



[130 498 739 948]
4



[121 223 454 457 499 737]
6



[ 306  337  384  483  500  700  742  804  945 1023]
10



[239 304 425 501]
4



[103 223 421 502 702 740 755]
7



[ 39 159 503 881]
4



[255 356 462 504]
4



[ 254  296  400  431  505  749 1002]
7



[506 886]
2



[ 222  507  571  759  867 1000]
6



[ 346  508  692 1007]
4



[  89  119  175  212  308  378  509  693  863 1003 1014]
11



[ 30 108 215 249 404 510]
6



[121 186 227 511 623 950 997]
7



[ 28 164 392 512 628]
5



[ 39 513 619 753 845]
5



[390 514 568 593]
4



[ 26 134 515 722 919]
5



[ 29  33  66 116 264 516 712 848 876 897 924 966]
12



[199 517 757 799 865]
5



[158 276 302 518 541 584 659 724 750]
9



[198 519 759]
3



[  3  20 108 312 384 520 559 670 746 786 801 907 940]
13



[107 133 217 521 530 707 925]
7



[ 44 274 398 522 529 668 687 806]
8



[ 24 130 323 523 730 785 840]
7



[  2 524 602 709 764]
5



[ 46  68 335 525 567 657 735 853 907]
9



[ 71 399 526 645 667 712]
6



[ 158  167  205  395  527  602  699  861 1007]
9



[ 96 132 528 567 634 726 948 984]
8



[313 529 607 696 796 841 896]
7



[128 530 580 601 638]
5



[ 89 139 531 596 987]
5



[146 412 532 551 590 721 764 850 896]
9



[ 18  77 533 579 612 726 753 825]
8



[183 326 520 534 549 657 708 754]
8



[ 49  93 103 214 535 654 692 699 981]
9



[348 536 661 890]
4



[ 40 344 526 537 698]
5



[  0  60 338 408 538 579 639 840 898 987]
10



[  1 157 395 539 597 835 856 913]
8



[ 72 144 221 540 581 649 730]
7



[279 301 541]
3



[ 56  76 283 382 529 542 919]
7



[ 90 141 187 414 543 693 807 828]
8



[ 46 240 320 424 544 571 593 630 664 706 774 867 946]
13



[ 50 296 545 696 889]
5



[ 26  67 128 179 310 529 546 868 944]
9



[547 634 640 663]
4



[124 174 357 548 769]
5



[ 34 297 549 694 833]
5



[114 291 520 550 606 874]
6



[292 551 620]
3



[552 626]
2



[153 175 269 305 540 553 576 698 753 778 831 869]
12



[ 75 490 554 760]
4



[ 55 137 186 419 555 614 632 677]
8



[ 33  78 365 543 556 629 674 864]
8



[333 557 776]
3



[ 52 168 558 668 699 758 842 892]
8



[495 559 561 586 605 766 927]
7



[ 22 128 560 631 675 724 809 992]
8



[ 60  65 123 281 293 516 561 703 725 822 893]
11



[ 46 160 183 553 562 887 938]
7



[ 25 146 171 295 499 522 557 563 696 721]
10



[ 12  86 356 564 791 814]
6



[405 512 565 614 653 659 959]
7



[  2 566 710 767 784]
5



[ 27  45 567 636 660 786 811 927]
8



[ 12  27 170 177 288 568 606 891]
8



[280 379 569 631 737 799 818 985]
8



[ 14 570]
2



[  9 125 571 669 783 822 857]
7



[ 42 244 304 572 949 988]
6



[  36  305  513  526  573  683  822  917 1023]
9



[311 574 599 669 742 795 882 893 943 990]
10



[117 301 521 575 611 810 956]
7



[ 34  75 129 576 606 627 688 839]
8



[ 88 341 548 577 623 681 714 803 979]
9



[ 32 110 146 451 578 628 644 782 865]
9



[343 579 621 649]
4



[336 580 626 714 749 872 908 998]
8



[231 353 581]
3



[ 20 192 582 963]
4



[ 76 167 583 592 618 886]
6



[472 584 810]
3



[ 40 221 320 365 585 606 664 801 853]
9



[   0   71  586  636  664  705  814  863  966 1003]
10



[ 98 251 529 587 749 895 985]
7



[111 228 564 588 766 924]
6



[ 97 137 589 668]
4



[ 98 342 590 713]
4



[ 39 591 643]
3



[ 87 256 569 592 755 818 885 986]
8



[ 33 245 281 368 523 593 640 711]
8



[ 34  68 513 594]
4



[ 16 595]
2



[ 60 198 374 514 525 561 596 603 615 676 766 798 893 978]
14



[ 13  52 253 578 597 617 740 769 856 886 925]
11



[334 598 661 868 988]
5



[ 66 222 278 371 455 599 658 771]
8



[156 249 282 368 600 921]
6



[  8 283 369 517 601 681]
6



[ 11  22 200 602 620 824 883]
7



[ 51  65 553 603]
4



[157 508 527 604 908]
5



[  23  123  373  605  630  780  831  851 1005]
9



[  20   72  114  219  335  606  633  664  725  746  791  826 1023]
13



[ 26  67 607 662 923 981]
6



[ 74 193 517 572 608 710 728 890]
8



[108 249 485 609 804]
5



[235 246 330 585 610 688 711 836]
8



[ 47 611 731 962]
4



[ 77 126 452 612 627 718 768 860]
8



[501 613 618 727 761 823 847]
7



[ 32  47 614 625 749 762 895 982]
8



[ 63  75 526 615 616 763]
6



[ 66 116 216 332 540 571 616 778 894 952 994]
11



[ 67 117 328 367 580 617 781 827]
8



[ 56 361 542 618 684 761 827 856]
8



[ 10 113 207 594 619 943]
6



[ 32 220 230 376 620 654 677 767 973]
9



[231 325 520 547 621 686 870]
7



[ 95 235 622 633 736]
5



[ 42 236 623 812]
4



[ 51 125 588 624 804 894 980]
7



[ 25  37  50 248 339 433 555 583 625 638 641 701 823 824]
14



[162 310 506 532 626 695 737 764 885]
9



[ 33 120 195 627 756]
5



[ 97 122 309 348 496 557 583 584 628 889 916]
11



[ 33 231 629 697]
4



[366 630 646 703 736]
5



[ 38 631 849]
3



[  62   84  242  632  734  794  865  976 1021]
9



[ 92 225 312 473 520 633 845]
7



[ 51  78  80 226 252 383 442 634 664 686 753 825 990]
13



[557 590 635 810]
4



[284 366 636 745 853 864 891]
7



[  13   59  309  351  361  637  681  695  878 1019]
10



[638 716 842]
3



[ 23 335 639 853]
4



[   3  264  418  533  586  640  711  732  910 1000]
10



[ 64 641 865]
3



[  7 155 542 642 687 709]
6



[ 71 178 643]
3



[261 644 790]
3



[ 85 420 645 983]
4



[ 54 215 238 270 646 715 773]
7



[  2  55 227 385 542 647 714 767 997]
9



[ 73 133 518 570 648 722 747 764 899]
9



[329 396 649]
3



[153 603 650 732 931]
5



[186 575 651 775 929]
5



[ 36 129 150 202 221 264 514 616 652 984]
10



[131 301 453 522 572 613 653 731 988]
9



[  44  186  266  454  654  738  844  901 1022]
9



[172 455 571 655 814 921]
6



[182 386 433 468 570 598 656 675 832]
9



[  57  136  183  547  599  624  657  698  745  928  965 1011]
12



[ 51 149 272 394 438 513 658 795 900]
9



[ 22  35 443 659 681]
5



[514 660 673 754 821 977]
6



[ 84 134 152 501 539 631 661 734 837]
9



[199 279 541 651 662 728 838 954]
8



[ 53  71 663 807 851]
5



[139 432 561 664 706 748 763 788 888 957 990]
11



[  1 138 191 220 457 584 665 684 762 901]
10



[134 185 412 552 607 653 666 818 962]
9



[163 249 267 667 712 792]
6



[ 31 445 602 668 682]
5



[669 785]
2



[528 670 676 774 904 946]
6



[  91  138  145  182  443  471  518  563  597  671  677  713  908 1007]
14



[179 672 707 749 824 832 998]
7



[ 53 147 673 754 785 907]
6



[135 298 674 753]
4



[ 42 115 233 675 721 770 823 875 901]
9



[417 676 903 938 960]
5



[109 157 431 529 677 702 713 998]
8



[143 181 310 631 641 678 716 803]
8



[170 417 553 679 705 955]
6



[177 235 528 550 571 680 741 943 946]
9



[ 73 191 681]
3



[539 668 682 695 803]
5



[303 567 591 633 658 683 705 771]
8



[ 28 176 205 292 425 494 641 684 699 734 930 997]
12



[  9 149 317 685 801 904]
6



[  15  255  300  414  486  621  669  686  822  903 1020]
11



[ 230  446  493  566  687  905 1015]
7



[170 404 504 556 633 643 688 708 884]
9



[532 557 671 689 709 764]
6



[134 446 482 690 750]
5



[ 54  99 170 255 691 700 999]
7



[541 692 728]
3



[166 212 497 540 544 643 693 729 754 884]
10



[ 63 198 407 420 694 774 826]
7



[ 19 251 419 695]
4



[416 602 662 677 696 889 939]
7



[ 17 235 429 435 540 629 697 816 831 857]
10



[136 438 698 970]
4



[181 529 668 699 719 859 905]
7



[ 125  204  700  735 1017]
5



[ 49 174 220 539 566 648 701 719 740]
9



[506 548 626 647 689 702 923]
7



[673 703 760]
3



[400 601 620 704 734 743]
6



[  71  113  528  553  705  756  909  978 1017]
9



[  3 106 136 197 609 706 846 897 922]
9



[ 463  584  665  707  752  986 1015]
7



[ 65 215 340 486 533 685 708]
7



[143 224 261 512 551 590 709 932 991]
9



[   4   87  577  623  710  991 1004]
7



[  3  78 101 585 691 711 917]
7



[ 10 172 712 735 858 924]
6



[133 265 481 713 734 859]
6



[152 214 714 988]
4



[204 474 715 834 921]
5



[168 214 716 832 941 971]
6



[  92  603  622  664  717 1020]
6



[390 585 718 909 983]
5



[ 69 524 719 762 799 981]
6



[202 225 452 669 720 748 785 969]
8



[ 49  73 224 253 453 541 692 721 743 889]
10



[ 241  672  722 1015]
4



[149 411 698 723 903 989]
6



[157 193 248 460 724 944]
6



[ 83 129 189 349 519 725 836 909]
8



[503 726 739 903]
4



[182 241 511 611 668 727 750 799 985]
9



[196 400 530 590 608 727 728 849]
8



[ 123  252  469  523  703  729  746  888  897 1011]
10



[156 619 703 708 730]
5



[152 191 653 731 856]
5



[207 543 732 948 983]
5



[200 478 535 577 635 722 733]
7



[124 234 247 635 642 696 734 916 979 998]
10



[  83  156  538  588  646  735  754 1017]
8



[417 500 736]
3



[   1  167  211  692  737  803 1002]
7



[ 64 182 738 770]
4



[101 255 582 616 645 739]
6



[109 234 695 740 832]
5



[741 917]
2



[  68  172  703  732  742 1003]
6



[151 174 419 463 518 743]
6



[ 109  206  296  491  524  675  731  744  865  932  953 1010]
12



[177 393 480 537 579 624 745 840 965]
9



[694 746 952]
3



[ 199  200  493  577  653  747 1022]
7



[  36   78  190  226  396  554  646  748  928 1014]
10



[584 631 689 749 812 847]
6



[103 648 750 875 935]
5



[123 215 228 567 751 873 965]
7



[234 468 701 752 950 986]
6



[643 717 753 819 869]
5



[368 576 636 646 741 754 922 948 983]
9



[  81  506  545  632  755  961 1021]
7



[556 606 663 705 746 756 836 888 924 933]
10



[465 589 757 992]
4



[ 511  613  733  758  979 1002]
6



[ 86 166 373 562 612 673 717 759 760 839]
10



[ 108  210  235  378  424  476  540  610  760 1011]
10



[ 81 161 376 761]
4



[220 382 555 608 642 671 713 762 982]
9



[  75  154  163  605  693  763 1020]
7



[  61  140  186  665  714  764  820 1010]
8



[177 197 503 564 652 765 975]
7



[202 615 766 822]
4



[186 439 620 767]
4



[344 550 594 768 826]
5



[416 597 608 653 769 883 919]
7



[289 327 448 656 710 770 936]
7



[282 771 946]
3



[ 37  76 453 772]
4



[ 17 332 387 413 523 605 773 802 825 887 975 980 993]
13



[102 142 420 708 774 848 876 897 946]
9



[292 319 589 611 775 923]
6



[ 76 388 410 653 776 827 913]
7



[  27   40  258  344  353  396  547  777  826  836 1003]
11



[288 338 606 652 698 778 813]
7



[385 530 779]
3



[317 430 685 780 786 811 869 897]
8



[ 296  331  381  522  569  781  856  939 1004]
9



[ 13 367 580 647 782 824 841 939]
8



[291 326 329 554 649 783 958 989]
8



[ 49 286 440 465 524 535 784 886 930 949 988]
11



[  3 393 544 785]
4



[154 564 627 646 780 786 807 945 958 984 994]
11



[146 641 787 976]
4



[180 380 556 645 788]
5



[598 789 806 953]
4



[280 466 695 790]
4



[ 29 267 306 470 526 711 791 813 958]
9



[347 564 792 802 853]
5



[157 314 433 515 607 793 850 901]
8



[607 665 794 838 899 976]
6



[507 554 795 917]
4



[  14   61  535  734  796  838  911 1021]
8



[257 308 700 797 888 912 951 990]
8



[ 10 335 338 407 476 531 798 948]
8



[ 87 158 638 799 842 914]
6



[324 704 790 800 842]
5



[337 354 427 567 753 774 795 801 952 960]
10



[326 802]
2



[443 608 747 803 890 914 936 961]
8



[ 12 645 804 957 999]
5



[512 558 628 805 824 844 961]
7



[110 162 406 572 626 743 784 806 847]
9



[111 288 317 326 483 610 703 741 788 807 873 898 909]
13



[284 293 320 393 550 609 685 808 893 900 984]
11



[233 379 409 419 620 653 787 809 896]
9



[138 602 620 805 810]
5



[411 526 643 698 773 811 957]
7



[ 314  436  654  812  837  930 1016]
7



[ 366  485  537  554  612  652  798  813  816  839 1020]
11



[332 420 538 652 814 816]
6



[110 279 426 541 552 563 769 794 815 844 885 998]
12



[ 33 337 418 550 576 629 816 996]
8



[179 314 345 546 595 613 752 779 817]
9



[ 146  292  818 1016]
4



[308 378 658 819 903 921 958]
7



[ 32  61 632 820 844]
5



[ 340  630  821  863 1020]
5



[ 36 305 538 624 639 726 768 811 822 851 927]
11



[262 301 558 598 637 755 823 956]
8



[  16  266  309  382  412  434  692  762  769  824  868  923 1009]
13



[ 288  627  825 1003]
4



[ 40 294 427 510 523 622 768 826 951]
9



[ 11 362 410 623 827 899]
6



[383 429 567 612 765 786 828 853]
8



[ 47 412 433 625 769 829 997]
7



[122 342 426 436 607 687 830 842]
8



[190 564 831 873 882]
5



[ 32 200 261 806 832 885 973]
7



[101 489 523 633 711 833 879 909 931]
9



[ 83 278 288 378 526 596 792 834 873]
9



[  35   69  403  623  784  835  968  981 1019]
9



[ 85 278 360 389 450 711 836 858 940 969]
10



[342 524 535 837 902 941]
6



[ 466  838 1022]
3



[349 839]
2



[  9 353 380 473 610 785 811 840 963 980]
10



[ 93 107 193 339 493 613 761 841]
8



[194 398 595 842]
4



[ 106  258  427  739  797  819  843  966  977 1023]
10



[   4  623  684  800  844  849  962  997 1022]
9



[ 15 455 652 741 834 845 937]
7



[600 612 808 846 887 934 980]
7



[199 355 382 770 847 968]
6



[ 72 384 561 599 760 808 822 848 921]
9



[ 16 472 563 820 849 890 953]
7



[ 88 314 724 820 844 850]
6



[ 71 354 469 774 851 897]
6



[ 52 381 502 530 632 852 859 866 973]
9



[338 401 780 853 933]
5



[287 344 450 510 588 735 854]
7



[276 283 575 659 724 743 855 950]
8



[ 76 440 782 818 856]
5



[540 621 624 712 857]
5



[  72  270  340  811  845  858  870 1023]
8



[155 259 342 521 728 755 859 919 954]
9



[ 216  377  452  568  766  795  860 1008]
8



[ 61 283 369 382 460 623 782 861]
8



[ 84 310 471 572 781 827 862 971]
8



[ 30 363 413 510 596 633 814 821 863 882 955]
11



[101 363 596 754 857 864]
6



[ 81  98 333 865 878]
5



[ 82 327 386 496 515 580 632 755 849 866 929]
11



[ 294  639  753  825  853  867  915  928  943 1018]
10



[118 296 355 868 942]
5



[231 368 417 509 676 869]
6



[ 116  293  360  430  556  586  870  928 1011]
9



[566 677 817 871 959 981]
6



[426 457 555 601 806 872]
6



[  45  120  201  264  337  356  383  561  873  931  965 1006]
12



[  43  232  288  459  562  588  854  874  910  931  960 1020]
12



[522 577 750 850 875 923 930 941]
8



[ 318  476  876  957  965 1014]
6



[  76  271  358  369  628  823  877  908 1022]
9



[322 351 617 684 776 878]
6



[123 329 609 711 773 825 879]
7



[256 313 341 738 830 844 875 880 932]
9



[243 881]
2



[658 814 882]
3



[304 319 341 419 565 707 883]
7



[228 272 326 540 693 760 831 857 884 940]
10



[ 21 339 601 885]
4



[214 324 351 446 482 865 886 902 947 981]
10



[ 83 246 326 437 679 833 887 918]
8



[116 288 383 528 585 606 610 811 821 888 921]
11



[355 787 889 954]
4



[  26  112  302  345  355  578  631  699  728  750  779  790  817  868  890
  936 1021]
17



[ 99 435 509 562 703 723 828 845 891 921]
10



[575 892 964]
3



[ 63 116 476 697 735 811 893 969]
8



[282 294 556 718 756 816 894]
7



[502 527 563 762 809 895]
6



[131 410 454 548 850 896 988]
7



[429 609 897 918 952]
5



[147 462 516 726 801 898 940]
7



[426 466 687 899 950 953 997]
7



[ 269  462  576  821  900  927 1000]
7



[ 21 173 256 642 719 823 901 982]
8



[471 522 878 902 936]
5



[438 640 670 683 741 831 854 903 940]
9



[ 132  461  568  585  643  685  783  801  836  874  904  917  934 1008]
14



[140 203 266 812 817 905 954 992]
8



[ 200  385  644  734  847  906 1004]
7



[141 435 646 735 798 801 891 907]
8



[422 458 541 584 908 959]
6



[ 77 735 795 853 909]
5



[139 298 335 444 586 680 771 910]
8



[ 301  453  511  675  734  772  835  911 1002]
9



[177 393 667 674 771 912]
6



[ 21 176 569 668 757 823 913]
7



[151 194 914]
3



[ 27 470 759 792 881 910 915 928 989]
9



[ 16 916]
2



[ 349  783  881  917  969 1023]
6



[135 210 691 918 957 984]
6



[ 55 143 214 262 445 642 702 919 974]
9



[146 256 721 850 920 974]
6



[189 269 312 435 464 683 921]
7



[315 562 828 922]
4



[ 203  313  642  784  923  956 1001]
7



[149 222 588 640 894 903 924 978]
8



[ 152  428  501  542  844  889  925  950 1007]
9



[174 391 508 728 787 806 852 926]
8



[ 255  643  773  927 1003]
5



[ 96 928]
2



[ 224  309  321  692  699  772  779  929 1004 1010]
10



[ 134  362  421  443  692  714  930 1001]
8



[ 34 315 745 816 931]
5



[230 386 572 838 932]
5



[ 263  317  353  629  705  808  912  933 1020]
9



[ 311  622  736  828  839  897  934 1005]
8



[ 35 181 239 310 428 558 631 690 707 799 866 906 935]
13



[314 936]
2



[ 177  411  523  669  763  900  937  958 1008]
9



[175 480 715 742 783 938 990]
7



[161 259 379 493 539 684 939 985]
8



[141 845 894 927 940]
5



[484 613 941 981]
4



[ 367  552  868  942  986 1015]
6



[166 235 297 556 571 673 773 778 943 969]
10



[ 421  512  566  569  722  890  944 1001 1015]
9



[ 57 178 503 528 627 703 756 795 940 945 984]
11



[ 183  184  401  420  643  795  946 1017]
8



[535 555 678 805 824 866 947 967 976]
9



[ 53 172 212 486 497 640 922 931 948]
9



[ 61 148 161 428 487 529 628 653 696 809 883 949 964]
13



[ 151  242  494  696  862  911  950 1021]
8



[135 700 754 951]
4



[298 402 456 497 732 795 821 910 952 994]
10



[152 161 439 475 789 953]
6



[138 188 409 422 496 546 635 687 782 892 954 991]
12



[275 430 473 955 993]
5



[276 552 724 880 956]
5



[399 438 816 957]
4



[183 278 317 427 479 492 540 680 958]
9



[186 239 422 551 733 794 916 959]
8



[485 909 934 945 960]
5



[ 787  852  866  961 1021]
5



[214 403 463 522 731 784 883 962]
8



[330 870 963]
3



[328 357 496 512 653 929 964]
7



[101 340 492 516 579 785 840 965 987]
9



[207 766 858 927 966]
5



[714 772 926 967]
4



[194 268 331 425 577 602 747 878 968]
9



[581 616 834 969]
4



[207 250 418 585 667 826 863 965 970]
9



[448 671 716 781 803 855 971]
7



[192 489 972]
3



[357 392 445 475 620 747 789 815 835 973 998]
11



[508 644 707 779 796 974]
6



[221 238 363 582 797 975 984]
7



[276 386 502 818 976]
5



[ 89 408 531 581 624 640 732 763 903 977 996]
11



[275 384 438 476 688 978]
6



[375 386 472 734 757 769 866 950 979]
9



[ 897  927  980 1006]
4



[496 577 847 981]
4



[118 148 487 583 757 868 883 908 982]
9



[212 371 450 831 843 983]
6



[ 202  380  401  442  452  576  606  667  700  825  843  898  984 1013]
14



[ 91 193 265 445 463 799 835 872 985]
9



[ 94 671 861 872 986]
5



[  75  221  377  394  703  987 1006]
7



[328 342 410 637 665 684 714 758 896 979 988]
11



[ 441  474  741  763  843  881  989 1014]
8



[340 763 990]
3



[457 601 747 757 883 991]
6



[388 465 493 689 852 992]
6



[291 329 544 760 951 993]
6



[ 99 320 504 630 708 753 851 994]
8



[224 995]
2



[101 166 192 470 495 516 616 711 996]
9



[100 167 301 341 388 482 511 625 733 803 878 953 982 997]
14



[578 662 719 820 895 998]
6



[255 469 683 958 999]
5



[ 192  353  441  556  836  879 1000]
7



[ 193  812  837  974 1001]
5



[ 448  505  728  755  830 1002]
6



[ 399  559  650  808  897 1003]
6



[ 333  558  752  772  862  961 1004]
7



[ 111  633  655  739  756  831  921  934 1005]
9



[ 447  907 1006]
3



[ 110  398  758  885 1007]
5



[ 378  633  664  705  786  867  938 1008]
8



[ 405  475  493  855  988 1009]
6



[ 241  379  406  728 1010]
5



[ 195  486  725  736  888 1011]
6



[ 336  727 1012]
3



[ 177  237  311  581  669  879  931  972 1013]
9



[ 252  703  814  836  963 1014]
6



[  55  241  956  964 1015]
5



[ 121  364  491  501  638  974 1016]
7



[ 464  669  748 1017]
4



[ 178  312  394  670  854  893  948 1018]
8



[ 445  695  752  815  856  865  936 1019]
8



[ 246  452  568 1020]
4



[ 316  494  668  695  856  886  911  913  932 1021]
10



[ 346  570  662  714  820  889  973  979 1022]
9



[ 189  377  442  667  811  846 1023]
7

